{
 "cells": [
  {
   "cell_type": "markdown",
   "metadata": {},
   "source": [
    "# TP2 - Modeling using docplex"
   ]
  },
  {
   "cell_type": "markdown",
   "metadata": {},
   "source": [
    "## 1. The `docplex` python package\n",
    "\n",
    "`DOcplex` is a python package developped by IBM &mdash; It provides easy-to-use API for IBM solvers Cplex and Cpoptimizer.\n",
    "\n",
    "DOcplex documentation for mathematical programming can be found here: http://ibmdecisionoptimization.github.io/docplex-doc/#mathematical-programming-modeling-for-python-using-docplex-mp-docplex-mp"
   ]
  },
  {
   "cell_type": "markdown",
   "metadata": {},
   "source": [
    "## 2. Solving TSP using `docplex`\n",
    "\n",
    "### 2.1. TSP model using `docplex`\n",
    "\n",
    "**Exercice:** Using `docplex`, create a model for the travelling salesman problem using the MTZ or Flow formulation and compare them."
   ]
  },
  {
   "cell_type": "code",
   "execution_count": 1,
   "metadata": {},
   "outputs": [],
   "source": [
    "#!pip install cplex"
   ]
  },
  {
   "cell_type": "code",
   "execution_count": 2,
   "metadata": {
    "scrolled": false
   },
   "outputs": [
    {
     "name": "stdout",
     "output_type": "stream",
     "text": [
      "Flow : z* = 2085.0\n"
     ]
    }
   ],
   "source": [
    "from docplex.mp.model import Model\n",
    "import tsp.data as data\n",
    "import numpy as np\n",
    "\n",
    "\n",
    "#distances = data.grid42\n",
    "distances = data.grid17\n",
    "N = len(distances)\n",
    "\n",
    "tsp_flow = Model(\"TSP Flow\")\n",
    "tsp_flow.log_output = False\n",
    "\n",
    "tsp_mtz = Model(\"TSP MTZ\")\n",
    "tsp_mtz.log_output = True\n",
    "\n",
    "#Variables\n",
    "x = [tsp_flow.binary_var_list(N,name=f'x{i}_') for i in range(N)]\n",
    "y = [tsp_flow.integer_var_list(N,name=f'y{i}_') for i in range(N)]\n",
    "\n",
    "t = [tsp_mtz.binary_var_list(N,name=f't{i}_') for i in range(N)]\n",
    "u = tsp_mtz.integer_var_list(N,name=f'u_')\n",
    "\n",
    "#Objective\n",
    "#tsp.minimize(sum(tsp.dot(distances[i][j], x[i][j]) for i in range(N) for j in range(N)))\n",
    "mySum = 0\n",
    "for i in range(N):\n",
    "    for j in range(N):\n",
    "        mySum += distances[i][j]*x[i][j]\n",
    "tsp_flow.minimize(mySum)\n",
    "\n",
    "mySum = 0\n",
    "for i in range(N):\n",
    "    for j in range(N):\n",
    "        mySum += distances[i][j]*t[i][j]\n",
    "tsp_mtz.minimize(mySum)\n",
    "\n",
    "#Constraints\n",
    "#Constraints on variable x & t\n",
    "for i in range(N) :\n",
    "    tsp_flow.add_constraint(sum(x[i][j] for j in range(N) if i!=j) == 1)\n",
    "    tsp_mtz.add_constraint(sum(t[i][j] for j in range(N) if i!=j) == 1)\n",
    "    \n",
    "for j in range(N) :\n",
    "    tsp_flow.add_constraint(sum(x[i][j] for i in range(N) if i!=j) == 1)\n",
    "    tsp_mtz.add_constraint(sum(t[i][j] for i in range(N) if i!=j) == 1)\n",
    "    \n",
    "for i in range(N):\n",
    "    tsp_flow.add_constraint(x[i][i] == 0)\n",
    "    tsp_mtz.add_constraint(t[i][i] == 0)\n",
    "\n",
    "#Constraints on variable u    \n",
    "tsp_mtz.add_constraint(u[0] == 1)\n",
    "\n",
    "for i in range(1,N) : \n",
    "    tsp_mtz.add_constraint(2 <= u[i])\n",
    "    tsp_mtz.add_constraint(u[i] <= N)\n",
    "    tsp_mtz.add_constraints( [u[i]- u[j] + 1 <= (N-1)*(1-t[i][j]) for j in range(1,N)] )\n",
    "\n",
    "#Constraints on variable y    \n",
    "tsp_flow.add_constraint(sum(y[0][j] for j in range(N)) == 1)\n",
    "\n",
    "for i in range(1,N):\n",
    "    tsp_flow.add_constraint(sum(y[i][j] for j in range(N)) == sum(y[j][i] for j in range(N))+ 1)\n",
    "\n",
    "for i in range(N):\n",
    "    tsp_flow.add_constraints([y[i][j] <= (N * x[i][j]) for j in range(N)])\n",
    "\n",
    "\n",
    "solution_flow = tsp_flow.solve()\n",
    "print(\"Flow : z* =\", solution_flow.objective_value)\n",
    "\n",
    "\n",
    "#solution_mtz = tsp_mtz.solve()\n",
    "#print(\"MTZ  : z* =\", solution_mtz.objective_value)"
   ]
  },
  {
   "cell_type": "markdown",
   "metadata": {},
   "source": [
    "**On a remarqué que le tsp flow est bien plus rapide que le tsp MTZ.**"
   ]
  },
  {
   "cell_type": "markdown",
   "metadata": {},
   "source": [
    "The largest set of distances contains 42 nodes, and should be easily solved by `docplex`.\n",
    "\n",
    "### 2.2. Generating random TSP instances\n",
    "\n",
    "**Question:** What method could you implement to generate a realistic set of distances for $n$ customers?\n",
    "\n",
    "**Exercice:** Implement the method proposed above and test it."
   ]
  },
  {
   "cell_type": "code",
   "execution_count": 3,
   "metadata": {},
   "outputs": [
    {
     "name": "stdout",
     "output_type": "stream",
     "text": [
      "[[0.         0.70434748 0.44170282 0.42680484 0.71673862 0.73826898\n",
      "  0.42231833 0.40996031 0.36552834 0.68222577 0.43455925 0.57752723\n",
      "  0.39430561 0.7302408  0.40894871 0.13646912 0.83268656 0.77073923\n",
      "  0.17614444 0.47877536]\n",
      " [0.70434748 0.         0.63023747 0.34083063 1.22110027 1.19805934\n",
      "  0.56762315 0.53720078 0.36024644 1.01927395 0.96817885 1.04986288\n",
      "  0.64190439 0.47620156 0.43405455 0.56828091 1.18480236 1.12497638\n",
      "  0.53293765 0.70485805]\n",
      " [0.44170282 0.63023747 0.         0.30459092 0.60072047 0.57013019\n",
      "  0.06408622 0.09704161 0.33530461 0.39246476 0.38795483 0.43098492\n",
      "  0.05117726 0.36728562 0.20349071 0.40524155 0.56086603 0.49893316\n",
      "  0.3558565  0.07684039]\n",
      " [0.42680484 0.34083063 0.30459092 0.         0.8818433  0.86230103\n",
      "  0.24053318 0.20763862 0.0776929  0.69672951 0.62775339 0.71082438\n",
      "  0.306862   0.34979922 0.10112073 0.30819889 0.86540035 0.8032223\n",
      "  0.2545201  0.38141216]\n",
      " [0.71673862 1.22110027 0.60072047 0.8818433  0.         0.08148607\n",
      "  0.65883806 0.6866772  0.88290647 0.29102395 0.28501073 0.17126477\n",
      "  0.58058007 0.92770877 0.78718374 0.79825948 0.2673735  0.25332852\n",
      "  0.78626913 0.53490977]\n",
      " [0.73826898 1.19805934 0.57013019 0.86230103 0.08148607 0.\n",
      "  0.63114085 0.66092371 0.87045128 0.2249239  0.3044037  0.16365924\n",
      "  0.55641436 0.87922141 0.76467482 0.80790778 0.18620059 0.17353469\n",
      "  0.79023262 0.49956217]\n",
      " [0.42231833 0.56762315 0.06408622 0.24053318 0.65883806 0.63114085\n",
      "  0.         0.03331499 0.27367549 0.45651687 0.43283409 0.48814325\n",
      "  0.08149214 0.34022791 0.13942017 0.36781896 0.62495206 0.56299382\n",
      "  0.31474586 0.14088031]\n",
      " [0.40996031 0.53720078 0.09704161 0.20763862 0.6866772  0.66092371\n",
      "  0.03331499 0.         0.24066617 0.48913975 0.45374415 0.5156234\n",
      "  0.10626822 0.33617138 0.10662527 0.34634204 0.65776188 0.59563175\n",
      "  0.29172475 0.17387966]\n",
      " [0.36552834 0.36024644 0.33530461 0.0776929  0.88290647 0.87045128\n",
      "  0.27367549 0.24066617 0.         0.72041527 0.6167161  0.71360611\n",
      "  0.32575682 0.42721011 0.1450157  0.23926481 0.88974171 0.82637615\n",
      "  0.18965865 0.41091199]\n",
      " [0.68222577 1.01927395 0.39246476 0.69672951 0.29102395 0.2249239\n",
      "  0.45651687 0.48913975 0.72041527 0.         0.3100994  0.19405325\n",
      "  0.39465934 0.66335937 0.59576373 0.71540762 0.16932905 0.10649312\n",
      "  0.68370748 0.31598272]\n",
      " [0.43455925 0.96817885 0.38795483 0.62775339 0.28501073 0.3044037\n",
      "  0.43283409 0.45374415 0.6167161  0.3100994  0.         0.14894302\n",
      "  0.35153324 0.75139965 0.54189315 0.51352306 0.42364532 0.36878983\n",
      "  0.50377908 0.34573355]\n",
      " [0.57752723 1.04986288 0.43098492 0.71082438 0.17126477 0.16365924\n",
      "  0.48814325 0.5156234  0.71360611 0.19405325 0.14894302 0.\n",
      "  0.40945128 0.76821431 0.61592219 0.64427125 0.27762488 0.22718086\n",
      "  0.62687208 0.36783388]\n",
      " [0.39430561 0.64190439 0.05117726 0.306862   0.58058007 0.55641436\n",
      "  0.08149214 0.10626822 0.32575682 0.39465934 0.35153324 0.40945128\n",
      "  0.         0.41226458 0.20826869 0.36673326 0.56398706 0.50068405\n",
      "  0.32049885 0.09502726]\n",
      " [0.7302408  0.47620156 0.36728562 0.34979922 0.92770877 0.87922141\n",
      "  0.34022791 0.33617138 0.42721011 0.66335937 0.75139965 0.76821431\n",
      "  0.41226458 0.         0.32383929 0.63666037 0.80749095 0.75784318\n",
      "  0.57914732 0.4075771 ]\n",
      " [0.40894871 0.43405455 0.20349071 0.10112073 0.78718374 0.76467482\n",
      "  0.13942017 0.10662527 0.1450157  0.59576373 0.54189315 0.61592219\n",
      "  0.20826869 0.32383929 0.         0.31371272 0.76433818 0.70225521\n",
      "  0.25607015 0.28030042]\n",
      " [0.13646912 0.56828091 0.40524155 0.30819889 0.79825948 0.80790778\n",
      "  0.36781896 0.34634204 0.23926481 0.71540762 0.51352306 0.64427125\n",
      "  0.36673326 0.63666037 0.31371272 0.         0.87682046 0.8129471\n",
      "  0.05764709 0.4606051 ]\n",
      " [0.83268656 1.18480236 0.56086603 0.86540035 0.2673735  0.18620059\n",
      "  0.62495206 0.65776188 0.88974171 0.16932905 0.42364532 0.27762488\n",
      "  0.56398706 0.80749095 0.76433818 0.87682046 0.         0.0642813\n",
      "  0.84802953 0.48413219]\n",
      " [0.77073923 1.12497638 0.49893316 0.8032223  0.25332852 0.17353469\n",
      "  0.56299382 0.59563175 0.82637615 0.10649312 0.36878983 0.22718086\n",
      "  0.50068405 0.75784318 0.70225521 0.8129471  0.0642813  0.\n",
      "  0.78383722 0.42239397]\n",
      " [0.17614444 0.53293765 0.3558565  0.2545201  0.78626913 0.79023262\n",
      "  0.31474586 0.29172475 0.18965865 0.68370748 0.50377908 0.62687208\n",
      "  0.32049885 0.57914732 0.25607015 0.05764709 0.84802953 0.78383722\n",
      "  0.         0.41532208]\n",
      " [0.47877536 0.70485805 0.07684039 0.38141216 0.53490977 0.49956217\n",
      "  0.14088031 0.17387966 0.41091199 0.31598272 0.34573355 0.36783388\n",
      "  0.09502726 0.4075771  0.28030042 0.4606051  0.48413219 0.42239397\n",
      "  0.41532208 0.        ]]\n",
      "Version identifier: 22.1.0.0 | 2022-03-25 | 54982fbec\n",
      "CPXPARAM_Read_DataCheck                          1\n",
      "Tried aggregator 1 time.\n",
      "MIP Presolve eliminated 40 rows and 40 columns.\n",
      "MIP Presolve modified 19 coefficients.\n",
      "Reduced MIP has 440 rows, 760 columns, and 2261 nonzeros.\n",
      "Reduced MIP has 399 binaries, 361 generals, 0 SOSs, and 0 indicators.\n",
      "Presolve time = 0.00 sec. (1.43 ticks)\n",
      "Probing changed sense of 19 constraints.\n",
      "Probing time = 0.00 sec. (3.14 ticks)\n",
      "Cover probing fixed 0 vars, tightened 342 bounds.\n",
      "Tried aggregator 1 time.\n",
      "Detecting symmetries...\n",
      "MIP Presolve eliminated 20 rows and 19 columns.\n",
      "MIP Presolve modified 342 coefficients.\n",
      "Reduced MIP has 420 rows, 741 columns, and 2204 nonzeros.\n",
      "Reduced MIP has 380 binaries, 361 generals, 0 SOSs, and 0 indicators.\n",
      "Presolve time = 0.00 sec. (2.44 ticks)\n",
      "Probing time = 0.00 sec. (2.65 ticks)\n",
      "Clique table members: 40.\n",
      "MIP emphasis: balance optimality and feasibility.\n",
      "MIP search method: dynamic search.\n",
      "Parallel mode: deterministic, using up to 8 threads.\n",
      "Root relaxation solution time = 0.02 sec. (3.57 ticks)\n",
      "\n",
      "        Nodes                                         Cuts/\n",
      "   Node  Left     Objective  IInf  Best Integer    Best Bound    ItCnt     Gap\n",
      "\n",
      "*     0+    0                            8.7654        0.0000           100.00%\n",
      "      0     0        3.0418    55        8.7654        3.0418      219   65.30%\n",
      "      0     0        3.3089    77        8.7654      Cuts: 64      340   62.25%\n",
      "*     0+    0                            3.6585        3.3089             9.56%\n",
      "      0     0        3.3462    84        3.6585      Cuts: 41      415    8.54%\n",
      "      0     0        3.4227    95        3.6585      Cuts: 22      496    6.44%\n",
      "*     0+    0                            3.4610        3.4227             1.11%\n",
      "      0     0  -1.00000e+75     0        3.4610        3.4227      496    1.11%\n",
      "Detecting symmetries...\n",
      "\n",
      "Repeating presolve.\n",
      "Tried aggregator 2 times.\n",
      "MIP Presolve eliminated 282 rows and 580 columns.\n",
      "MIP Presolve modified 6 coefficients.\n",
      "Aggregator did 30 substitutions.\n",
      "Reduced MIP has 108 rows, 131 columns, and 473 nonzeros.\n",
      "Reduced MIP has 52 binaries, 79 generals, 0 SOSs, and 0 indicators.\n",
      "Presolve time = 0.00 sec. (0.78 ticks)\n",
      "Probing fixed 0 vars, tightened 2 bounds.\n",
      "Probing time = 0.00 sec. (0.09 ticks)\n",
      "Cover probing fixed 0 vars, tightened 1 bounds.\n",
      "Tried aggregator 1 time.\n",
      "Detecting symmetries...\n",
      "MIP Presolve modified 6 coefficients.\n",
      "Reduced MIP has 108 rows, 131 columns, and 473 nonzeros.\n",
      "Reduced MIP has 52 binaries, 79 generals, 0 SOSs, and 0 indicators.\n",
      "Presolve time = 0.02 sec. (0.37 ticks)\n",
      "Represolve time = 0.02 sec. (2.56 ticks)\n",
      "Probing time = 0.00 sec. (0.09 ticks)\n",
      "Clique table members: 26.\n",
      "MIP emphasis: balance optimality and feasibility.\n",
      "MIP search method: dynamic search.\n",
      "Parallel mode: deterministic, using up to 8 threads.\n",
      "Root relaxation solution time = 0.00 sec. (1.45 ticks)\n",
      "\n",
      "        Nodes                                         Cuts/\n",
      "   Node  Left     Objective  IInf  Best Integer    Best Bound    ItCnt     Gap\n",
      "\n",
      "*     0+    0                            3.4610        3.4227             1.11%\n",
      "      0     0        3.4227    73        3.4610        3.4227      655    1.11%\n",
      "      0     0        cutoff              3.4610        3.4610      699    0.00%\n",
      "Elapsed time = 0.42 sec. (158.32 ticks, tree = 0.01 MB, solutions = 3)\n",
      "\n",
      "Cover cuts applied:  5\n",
      "Implied bound cuts applied:  18\n",
      "Flow cuts applied:  17\n",
      "Mixed integer rounding cuts applied:  8\n",
      "Zero-half cuts applied:  5\n",
      "Lift and project cuts applied:  20\n",
      "Gomory fractional cuts applied:  4\n",
      "\n",
      "Root node processing (before b&c):\n",
      "  Real time             =    0.42 sec. (158.36 ticks)\n"
     ]
    },
    {
     "name": "stdout",
     "output_type": "stream",
     "text": [
      "Parallel b&c, 8 threads:\n",
      "  Real time             =    0.00 sec. (0.00 ticks)\n",
      "  Sync time (average)   =    0.00 sec.\n",
      "  Wait time (average)   =    0.00 sec.\n",
      "                          ------------\n",
      "Total (root+branch&cut) =    0.42 sec. (158.36 ticks)\n",
      "z* = 3.4610001002371606\n"
     ]
    }
   ],
   "source": [
    "import numpy as np\n",
    "import scipy.spatial.distance as sc\n",
    "\n",
    "def generate_distances(n: int):\n",
    "    coords = np.random.rand(n, 2) #2 est le nombre de dimensions du pb\n",
    "    return sc.cdist(coords, coords, metric='euclidean') #librairie qui permet d'avoir une matrice symétrique\n",
    "\n",
    "\n",
    "from docplex.mp.model import Model\n",
    "\n",
    "distances = generate_distances(20)\n",
    "#distances = generate_distances(50)\n",
    "print(distances)\n",
    "\n",
    "N = len(distances)\n",
    "\n",
    "tsp = Model(\"TSP\")\n",
    "tsp.log_output = True\n",
    "\n",
    "# TODO: Copy your model from the first question here.\n",
    "#Variables\n",
    "x = [tsp.binary_var_list(N,name=f'x{i}_') for i in range(N)]\n",
    "y = [tsp.integer_var_list(N,name=f'y{i}_') for i in range(N)]\n",
    "\n",
    "#Objective\n",
    "#tsp.minimize(sum(tsp.dot(distances[i][j], x[i][j]) for i in range(N) for j in range(N)))\n",
    "mySum = 0\n",
    "for i in range(N):\n",
    "    for j in range(N):\n",
    "        mySum += distances[i][j]*x[i][j]\n",
    "tsp.minimize(mySum)\n",
    "\n",
    "#Constraints\n",
    "#Constraints on variable x & t\n",
    "for i in range(N) :\n",
    "    tsp.add_constraint(sum(x[i][j] for j in range(N) if i!=j) == 1)\n",
    "    \n",
    "for j in range(N) :\n",
    "    tsp.add_constraint(sum(x[i][j] for i in range(N) if i!=j) == 1)\n",
    "    \n",
    "for i in range(N):\n",
    "    tsp.add_constraint(x[i][i] == 0)\n",
    "\n",
    "#Constraints on variable y    \n",
    "tsp.add_constraint(sum(y[0][j] for j in range(N)) == 1)\n",
    "\n",
    "for i in range(1,N):\n",
    "    tsp.add_constraint(sum(y[i][j] for j in range(N)) == sum(y[j][i] for j in range(N))+ 1)\n",
    "\n",
    "for i in range(N):\n",
    "    tsp.add_constraints([y[i][j] <= (N * x[i][j]) for j in range(N)])\n",
    "\n",
    "solution = tsp.solve()\n",
    "print(\"z* =\", solution.objective_value)"
   ]
  },
  {
   "cell_type": "markdown",
   "metadata": {},
   "source": [
    "## 3. Solving Warehouse Allocation using Benders decomposition with `docplex`\n",
    "\n",
    "### 3.1. The warehouse problem\n",
    "\n",
    "A company needs to supply a set of $n$ clients and needs to open new warehouses (from a\n",
    "set of $m$ possible warehouses).\n",
    "Opening a warehouse $j$ costs $f_j$ and supplying a client $i$ from a warehouse $j$ costs $c_{ij}$ per supply unit.\n",
    "Which warehouses should be opened in order to satisfy all clients while minimizing the total cost?\n",
    "\n",
    "### 3.2. Solving the warehouse problem with a single ILP\n",
    "\n",
    "- $y_{j} = 1$ if and only if warehouse $j$ is opened.\n",
    "- $x_{ij}$ is the fraction supplied from warehouse $j$ to customer $i$.\n",
    "\n",
    "$\n",
    "\\begin{align}\n",
    "  \\text{min.} \\quad & \\sum_{i=1}^{n} \\sum_{j=1}^{m} c_{ij} x_{ij} + \\sum_{j=1}^{m} f_{j} y_{j} & \\\\\n",
    "  \\text{s.t.} \\quad & \\sum_{j=1}^{m} x_{ij} = 1, & \\forall i \\in\\{1,\\ldots,n\\}\\\\\n",
    "                    & x_{ij} \\leq y_{j}, & \\forall i\\in\\{1,\\ldots,n\\},\\forall j\\in\\{1,\\ldots,m\\}\\\\\n",
    "                    & y_{j} \\in \\left\\{0,~1\\right\\}, & \\forall j \\in \\left\\{1,~\\ldots,~m\\right\\}\\\\\n",
    "                    & x_{ij} \\geq 0, & \\forall i \\in \\left\\{1,~\\ldots,~n\\right\\}, \\forall j \\in \\left\\{1,~\\ldots,~m\\right\\}\n",
    "\\end{align}\n",
    "$\n",
    "\n",
    "\n",
    "**Exercice:** Implement the ILP model for the warehouse allocation problem and test it on the given instance."
   ]
  },
  {
   "cell_type": "code",
   "execution_count": 4,
   "metadata": {},
   "outputs": [
    {
     "name": "stdout",
     "output_type": "stream",
     "text": [
      "Version identifier: 22.1.0.0 | 2022-03-25 | 54982fbec\n",
      "CPXPARAM_Read_DataCheck                          1\n",
      "Found incumbent of value 40.000000 after 0.00 sec. (0.00 ticks)\n",
      "Tried aggregator 1 time.\n",
      "MIP Presolve eliminated 9 rows and 0 columns.\n",
      "Reduced MIP has 12 rows, 12 columns, and 27 nonzeros.\n",
      "Reduced MIP has 3 binaries, 0 generals, 0 SOSs, and 0 indicators.\n",
      "Presolve time = 0.00 sec. (0.02 ticks)\n",
      "Probing time = 0.00 sec. (0.00 ticks)\n",
      "Tried aggregator 1 time.\n",
      "Detecting symmetries...\n",
      "Reduced MIP has 12 rows, 12 columns, and 27 nonzeros.\n",
      "Reduced MIP has 3 binaries, 0 generals, 0 SOSs, and 0 indicators.\n",
      "Presolve time = 0.00 sec. (0.02 ticks)\n",
      "Probing time = 0.00 sec. (0.00 ticks)\n",
      "MIP emphasis: balance optimality and feasibility.\n",
      "MIP search method: dynamic search.\n",
      "Parallel mode: deterministic, using up to 8 threads.\n",
      "Root relaxation solution time = 0.00 sec. (0.02 ticks)\n",
      "\n",
      "        Nodes                                         Cuts/\n",
      "   Node  Left     Objective  IInf  Best Integer    Best Bound    ItCnt     Gap\n",
      "\n",
      "*     0+    0                           40.0000        0.0000           100.00%\n",
      "      0     0       36.0000     3       40.0000       36.0000        7   10.00%\n",
      "*     0+    0                           38.0000       36.0000             5.26%\n",
      "      0     0        cutoff             38.0000                      7    0.00%\n",
      "Elapsed time = 0.03 sec. (0.11 ticks, tree = 0.01 MB, solutions = 2)\n",
      "\n",
      "Root node processing (before b&c):\n",
      "  Real time             =    0.03 sec. (0.11 ticks)\n",
      "Parallel b&c, 8 threads:\n",
      "  Real time             =    0.00 sec. (0.00 ticks)\n",
      "  Sync time (average)   =    0.00 sec.\n",
      "  Wait time (average)   =    0.00 sec.\n",
      "                          ------------\n",
      "Total (root+branch&cut) =    0.03 sec. (0.11 ticks)\n",
      "z* = 38.0\n"
     ]
    }
   ],
   "source": [
    "from docplex.mp.model import Model\n",
    "\n",
    "# We will start with a small instances with 3 warehouses and 3 clients:\n",
    "N = 3\n",
    "M = 3\n",
    "\n",
    "# Opening and distribution costs:\n",
    "f = [20, 20, 20]\n",
    "c = [[15, 1, 2], [1, 16, 3], [4, 1, 17]]\n",
    "\n",
    "wa = Model(\"Warehouse Allocation\")\n",
    "wa.log_output = True\n",
    "\n",
    "# TODO: Model for the warehouse allocation.\n",
    "\n",
    "#Variables\n",
    "x = [wa.continuous_var_list(M,name=f'x{i}_') for i in range(N)]\n",
    "y = wa.binary_var_list(M,name=f'y_')\n",
    "\n",
    "#Objective\n",
    "wa.minimize(sum(c[i][j]*x[i][j] for i in range(N) for j in range(M)) + sum(f[j]*y[j] for j in range(M)))\n",
    "\n",
    "#Constraints\n",
    "for i in range(N):\n",
    "    wa.add_constraint(sum(x[i][j] for j in range(M)) == 1)\n",
    "\n",
    "for i in range(N):\n",
    "    for j in range(M):\n",
    "        wa.add_constraint(x[i][j] <= y[j])\n",
    "    \n",
    "\"\"\"for j in range(M):\n",
    "    wa.add_constraint(y[j] >= 0)\n",
    "    wa.add_constraint(y[i] <= 1)\"\"\"\n",
    "#inutile car y est une liste binaire\n",
    "    \n",
    "for i in range (N):\n",
    "    for j in range(M):\n",
    "        wa.add_constraint(x[i][j] >= 0)\n",
    "\n",
    "solution = wa.solve()\n",
    "print(\"z* =\", solution.objective_value)"
   ]
  },
  {
   "cell_type": "markdown",
   "metadata": {},
   "source": [
    "### 3.3. Benders' decomposition for the Warehouse Allocation problem\n",
    "\n",
    "We are going to use Benders' decomposition to solve the Warehouse Allocation problem. \n",
    "\n",
    "#### Dual subproblem\n",
    "\n",
    "$\n",
    "\\begin{align*}\n",
    "\\text{max.} \\quad & \\sum_{i=1}^{n} v_{i} - \\sum_{i=1}^{n}\\sum_{j=1}^{m} \\bar{y}_{j} u_{ij} & \\\\\n",
    "\\text{s.t.} \\quad & v_{i} - u_{ij} \\leq c_{ij}, & \\forall i\\in\\{1,\\ldots,n\\},\\forall j\\in\\{1,\\ldots,m\\}\\\\\n",
    "                  & v_{i} \\in\\mathbb{R},\\ u_{ij} \\geq 0 & \\forall i \\in\\{1,\\ldots,n\\}, \\forall j\\in\\{1,\\ldots,m\\}\n",
    "\\end{align*}\n",
    "$\n",
    "\n",
    "#### Master problem\n",
    "\n",
    "$\n",
    "\\begin{align*}\n",
    "  \\text{min.} \\quad & \\sum_{j=1}^{m} f_j y_j + z & \\\\\n",
    "  \\text{s.t.} \\quad & z \\geq \\sum_{i=1}^{n}v_i^p - \\sum_{i=1}^{n} \\sum_{j=1}^{m} u_{ij}^p y_j, & \\forall p\\in l_1\\\\\n",
    "                    & 0 \\geq \\sum_{i=1}^{n}v_i^r - \\sum_{i=1}^{n} \\sum_{j=1}^{n} u_{ij}^r y_j, & \\forall r\\in l_2\\\\\n",
    "                    & y_{j} \\in\\{0,1\\}, & \\forall j\\in\\{1,\\ldots,m\\}\n",
    "\\end{align*}\n",
    "$"
   ]
  },
  {
   "cell_type": "markdown",
   "metadata": {},
   "source": [
    "**Exercice:** Implement the method `create_master_problem` that creates the initial master problem (without feasibility or optimality constraints) for the warehouse allocation problem.\n",
    "\n",
    "<div class=\"alert alert-info alert-block\">\n",
    "\n",
    "You can use `print(m.export_as_lp_string())` to display a textual representation of a `docplex` model `m`.\n",
    "    \n",
    "</div>"
   ]
  },
  {
   "cell_type": "code",
   "execution_count": 5,
   "metadata": {},
   "outputs": [
    {
     "name": "stdout",
     "output_type": "stream",
     "text": [
      "\\ This file has been generated by DOcplex\n",
      "\\ ENCODING=ISO-8859-1\n",
      "\\Problem name: Warehouse Allocation - Benders master problem\n",
      "\n",
      "Minimize\n",
      " obj: 20 y__0 + 20 y__1 + 20 y__2 + z\n",
      "Subject To\n",
      "\n",
      "Bounds\n",
      " 0 <= y__0 <= 1\n",
      " 0 <= y__1 <= 1\n",
      " 0 <= y__2 <= 1\n",
      "\n",
      "Binaries\n",
      " y__0 y__1 y__2\n",
      "End\n",
      "\n"
     ]
    }
   ],
   "source": [
    "from docplex.mp.model import Model\n",
    "from docplex.mp.linear import Var\n",
    "from docplex.mp.constr import AbstractConstraint\n",
    "from typing import List, Sequence, Tuple\n",
    "\n",
    "\n",
    "def create_master_problem(\n",
    "    N: int, M: int, f: Sequence[float], c: Sequence[Sequence[float]]\n",
    ") -> Tuple[Model, Var, Sequence[Var]]:\n",
    "    \"\"\"\n",
    "    Creates the initial Benders master problem for the Warehouse Allocation problem.\n",
    "\n",
    "    Args:\n",
    "        N: Number of clients.\n",
    "        M: Number of warehouses.\n",
    "        f: Array-like containing costs of opening warehouses.\n",
    "        c: 2D-array like containing transport costs from client to warehouses.\n",
    "\n",
    "    Returns:\n",
    "        A 3-tuple containing the docplex problem, the z variable and the y variables.\n",
    "    \"\"\"\n",
    "\n",
    "    wa = Model(\"Warehouse Allocation - Benders master problem\")\n",
    "\n",
    "    #Master problem\n",
    "    #variables\n",
    "    u = [wa.continuous_var_list(M,name=f'u{i}_') for i in range(N)]\n",
    "    v = wa.continuous_var_list(N,name=f'v_')\n",
    "    y = wa.binary_var_list(M,name=f'y_')\n",
    "    \n",
    "    z = wa.continuous_var(name='z')\n",
    "    \n",
    "    #Objective\n",
    "    wa.minimize(sum(f[j]*y[j] for j in range(M)) + z)\n",
    "    \n",
    "\n",
    "    return wa, z, y\n",
    "\n",
    "\n",
    "# Check your method:\n",
    "wa, z, y = create_master_problem(N, M, f, c)\n",
    "print(wa.export_as_lp_string())"
   ]
  },
  {
   "cell_type": "markdown",
   "metadata": {},
   "source": [
    "**Exercice:** Implement the method `add_optimality_constraints` that add optimality constraints to the Benders master problem. "
   ]
  },
  {
   "cell_type": "code",
   "execution_count": 6,
   "metadata": {},
   "outputs": [],
   "source": [
    "def add_optimality_constraint(\n",
    "    N: int,\n",
    "    M: int,\n",
    "    wa: Model,\n",
    "    z: Var,\n",
    "    y: Sequence[Var],\n",
    "    v: Sequence[float],\n",
    "    u: Sequence[Sequence[float]],\n",
    ") -> List[AbstractConstraint]:\n",
    "    \"\"\"\n",
    "    Adds an optimality constraints to the given Warehouse Allocation model\n",
    "    using the given optimal values from the Benders dual subproblem.\n",
    "\n",
    "    Args:\n",
    "        N: Number of clients.\n",
    "        M: Number of warehouses.\n",
    "        wa: The Benders master problem (docplex.mp.model.Model).\n",
    "        z: The z variable of the master problem.\n",
    "        y: The y variables of the master problem.\n",
    "        v: The optimal values for the v variables of the Benders dual subproblem.\n",
    "        u: The optimal values for the u variables of the Benders dual subproblem.\n",
    "\n",
    "    Return: The optimality constraint added.\n",
    "    \"\"\"\n",
    "    \n",
    "    optimality_constraint = wa.add_constraint((sum(v[i] for i in range(N))-\n",
    "                                               sum(u[i][j]*y[j] for i in range(N) for j in range(M))) <= z)\n",
    "    \n",
    "    return optimality_constraint\n"
   ]
  },
  {
   "cell_type": "markdown",
   "metadata": {},
   "source": [
    "**Exercice:** Implement the method `add_feasibility_constraints` that add feasibility constraints to the Benders master problem. "
   ]
  },
  {
   "cell_type": "code",
   "execution_count": 7,
   "metadata": {},
   "outputs": [],
   "source": [
    "def add_feasibility_constraints(\n",
    "    N: int,\n",
    "    M: int,\n",
    "    wa: Model,\n",
    "    z: Var,\n",
    "    y: Sequence[Var],\n",
    "    v: Sequence[float],\n",
    "    u: Sequence[Sequence[float]],\n",
    ") -> List[AbstractConstraint]:\n",
    "    \"\"\"\n",
    "    Adds an optimality constraints to the given Warehouse Allocation model\n",
    "    using the given optimal values from the Benders dual subproblem.\n",
    "\n",
    "    Args:\n",
    "      - N: Number of clients.\n",
    "      - M: Number of warehouses.\n",
    "      - wa: The Benders master problem (docplex.mp.model.Model).\n",
    "      - z: The z variable of the master problem.\n",
    "      - y: The y variables of the master problem.\n",
    "      - v: The extreme rays for the v variables of the Benders dual subproblem.\n",
    "      - u: The extreme rays for the u variables of the Benders dual subproblem.\n",
    "\n",
    "    Returns:\n",
    "        The feasibility constraint added.\n",
    "    \"\"\"\n",
    "\n",
    "    feasibility_constraint = wa.add_constraint(\n",
    "        (sum(v[i] for i in range(N))-sum(u[i][j]*y[j] for i in range(N) for j in range(M))) <= 0)\n",
    " \n",
    "    return feasibility_constraint\n",
    "\n"
   ]
  },
  {
   "cell_type": "markdown",
   "metadata": {},
   "source": [
    "**Exercice:** Implement the method `create_dual_subproblem` that, given a solution `y` of the master problem, create the corresponding Benders dual subproblem.\n",
    "\n",
    "$\n",
    "\\begin{align*}\n",
    "\\text{max.} \\quad & \\sum_{i=1}^{n} v_{i} - \\sum_{i=1}^{n}\\sum_{j=1}^{m} \\bar{y}_{j} u_{ij} & \\\\\n",
    "\\text{s.t.} \\quad & v_{i} - u_{ij} \\leq c_{ij}, & \\forall i\\in\\{1,\\ldots,n\\},\\forall j\\in\\{1,\\ldots,m\\}\\\\\n",
    "                  & v_{i} \\in\\mathbb{R},\\ u_{ij} \\geq 0 & \\forall i \\in\\{1,\\ldots,n\\}, \\forall j\\in\\{1,\\ldots,m\\}\n",
    "\\end{align*}\n",
    "$"
   ]
  },
  {
   "cell_type": "code",
   "execution_count": 8,
   "metadata": {},
   "outputs": [
    {
     "name": "stdout",
     "output_type": "stream",
     "text": [
      "\\ This file has been generated by DOcplex\n",
      "\\ ENCODING=ISO-8859-1\n",
      "\\Problem name: Warehouse Allocation - Benders dual subproblem\n",
      "\n",
      "Maximize\n",
      " obj: - u0__0 - u0__1 - u0__2 - u1__0 - u1__1 - u1__2 - u2__0 - u2__1 - u2__2\n",
      "      + v__0 + v__1 + v__2\n",
      "Subject To\n",
      " c1: - u0__0 + v__0 <= 15\n",
      " c2: u0__0 >= 0\n",
      " c3: - u0__1 + v__0 <= 1\n",
      " c4: u0__1 >= 0\n",
      " c5: - u0__2 + v__0 <= 2\n",
      " c6: u0__2 >= 0\n",
      " c7: - u1__0 + v__1 <= 1\n",
      " c8: u1__0 >= 0\n",
      " c9: - u1__1 + v__1 <= 16\n",
      " c10: u1__1 >= 0\n",
      " c11: - u1__2 + v__1 <= 3\n",
      " c12: u1__2 >= 0\n",
      " c13: - u2__0 + v__2 <= 4\n",
      " c14: u2__0 >= 0\n",
      " c15: - u2__1 + v__2 <= 1\n",
      " c16: u2__1 >= 0\n",
      " c17: - u2__2 + v__2 <= 17\n",
      " c18: u2__2 >= 0\n",
      "\n",
      "Bounds\n",
      "End\n",
      "\n"
     ]
    }
   ],
   "source": [
    "from docplex.mp.model import Model\n",
    "\n",
    "\n",
    "def create_dual_subproblem(\n",
    "    N: int, M: int, f: Sequence[float], c: Sequence[Sequence[float]], y: Sequence[int]\n",
    ") -> Tuple[Model, Sequence[Var], Sequence[Sequence[Var]]]:\n",
    "    \"\"\"\n",
    "    Creates a Benders dual subproblem for the Warehouse Allocation problem corresponding\n",
    "    to the given master solution.\n",
    "\n",
    "    Args:\n",
    "        N: Number of clients.\n",
    "        M: Number of warehouses.\n",
    "        f: Array-like containing costs of opening warehouses.\n",
    "        c: 2D-array like containing transport costs from client to warehouses.\n",
    "        y: Values of the y variables from the Benders master problem.\n",
    "\n",
    "    Returns:\n",
    "        A 3-tuple containing the docplex problem, the v variable and the u variables.\n",
    "    \"\"\"\n",
    "\n",
    "    dsp = Model(\"Warehouse Allocation - Benders dual subproblem\")\n",
    "\n",
    "    # We disable pre-solve to be able to retrieve a meaningful status in the main\n",
    "    # algorithm:\n",
    "    dsp.parameters.preprocessing.presolve.set(0)\n",
    "\n",
    "    #dual subproblem\n",
    "    #variables\n",
    "    u = [dsp.continuous_var_list(M,name=f'u{i}_') for i in range(N)]\n",
    "    v = dsp.continuous_var_list(N,name=f'v_')\n",
    "    \n",
    "    #Objective\n",
    "    dsp.maximize(sum(v[i] for i in range(N)) - sum(y[j]*u[i][j] for i in range(N) for j in range(M)))\n",
    "    \n",
    "\n",
    "    #Constraints\n",
    "    for i in range(N):\n",
    "        for j in range(M):\n",
    "            dsp.add_constraint(v[i] - u[i][j] <= c[i][j])\n",
    "            dsp.add_constraint(u[i][j] >= 0 )\n",
    "\n",
    "    return dsp, v, u\n",
    "\n",
    "\n",
    "# Check your method (assuming y = [1 1 1 ... 1]):\n",
    "dsp, v, u = create_dual_subproblem(N, M, f, c, [1] * M)\n",
    "print(dsp.export_as_lp_string())"
   ]
  },
  {
   "cell_type": "markdown",
   "metadata": {},
   "source": [
    "**Exercice:** Using the methods you implemented, write the Benders decomposition algorithm for the warehouse allocation problem.\n",
    "\n",
    "<div class=\"alert alert-block alert-info\">\n",
    "\n",
    "The `get_extreme_rays` function can be used to retrieve the extreme rays associated with an unbounded solution of the dual subproblem.\n",
    "    \n",
    "</div>\n",
    "\n",
    "<div class=\"alert alert-block alert-info\">\n",
    "    \n",
    "You can use `model.get_solve_status()` to obtain the status of the resolution and compare it to members of `JobSolveStatus`:\n",
    "    \n",
    "```python\n",
    "if model.get_solve_status() == JobSolveStatus.OPTIMAL_SOLUTION:\n",
    "    pass\n",
    "```\n",
    "    \n",
    "</div>"
   ]
  },
  {
   "cell_type": "code",
   "execution_count": 9,
   "metadata": {},
   "outputs": [
    {
     "name": "stdout",
     "output_type": "stream",
     "text": [
      "----------Iteration 1-----------\n",
      "\\ This file has been generated by DOcplex\n",
      "\\ ENCODING=ISO-8859-1\n",
      "\\Problem name: Warehouse Allocation - Benders master problem\n",
      "\n",
      "Minimize\n",
      " obj: 20 y__0 + 20 y__1 + 20 y__2 + z\n",
      "Subject To\n",
      "\n",
      "Bounds\n",
      " 0 <= y__0 <= 1\n",
      " 0 <= y__1 <= 1\n",
      " 0 <= y__2 <= 1\n",
      "\n",
      "Binaries\n",
      " y__0 y__1 y__2\n",
      "End\n",
      "\n",
      "2eme cas : UNBOUNDED\n",
      "----------Iteration 2-----------\n",
      "\\ This file has been generated by DOcplex\n",
      "\\ ENCODING=ISO-8859-1\n",
      "\\Problem name: Warehouse Allocation - Benders master problem\n",
      "\n",
      "Minimize\n",
      " obj: 20 y__0 + 20 y__1 + 20 y__2 + z\n",
      "Subject To\n",
      " c1: - 3 y__0 - 3 y__1 - 3 y__2 <= -3\n",
      "\n",
      "Bounds\n",
      " 0 <= y__0 <= 1\n",
      " 0 <= y__1 <= 1\n",
      " 0 <= y__2 <= 1\n",
      "\n",
      "Binaries\n",
      " y__0 y__1 y__2\n",
      "End\n",
      "\n",
      "1er cas : OPTIMAL\n"
     ]
    },
    {
     "ename": "DOcplexException",
     "evalue": "add_constraint (-u0__0*y__0-u0__1*y__1-u0__2*y__2-u1__0*y__0-u1__1*y__1-u1__2*y__2-u2__0*y__0-u2__1*y__1-u2__2*y__2+v__0+v__1+v__2 <= 20.0) is not in model 'Warehouse Allocation - Benders master problem'",
     "output_type": "error",
     "traceback": [
      "\u001b[1;31m---------------------------------------------------------------------------\u001b[0m",
      "\u001b[1;31mDOcplexException\u001b[0m                          Traceback (most recent call last)",
      "\u001b[1;32m<ipython-input-9-99541e869323>\u001b[0m in \u001b[0;36m<module>\u001b[1;34m\u001b[0m\n\u001b[0;32m     70\u001b[0m     \u001b[1;32mif\u001b[0m \u001b[1;33m(\u001b[0m\u001b[0mdsp\u001b[0m\u001b[1;33m.\u001b[0m\u001b[0mget_solve_status\u001b[0m\u001b[1;33m(\u001b[0m\u001b[1;33m)\u001b[0m \u001b[1;33m==\u001b[0m \u001b[0mJobSolveStatus\u001b[0m\u001b[1;33m.\u001b[0m\u001b[0mOPTIMAL_SOLUTION\u001b[0m\u001b[1;33m)\u001b[0m\u001b[1;33m:\u001b[0m\u001b[1;33m\u001b[0m\u001b[1;33m\u001b[0m\u001b[0m\n\u001b[0;32m     71\u001b[0m         \u001b[0mprint\u001b[0m\u001b[1;33m(\u001b[0m\u001b[1;34m\"1er cas : OPTIMAL\"\u001b[0m\u001b[1;33m)\u001b[0m\u001b[1;33m\u001b[0m\u001b[1;33m\u001b[0m\u001b[0m\n\u001b[1;32m---> 72\u001b[1;33m         \u001b[0madd_optimality_constraint\u001b[0m\u001b[1;33m(\u001b[0m\u001b[0mN\u001b[0m\u001b[1;33m,\u001b[0m\u001b[0mM\u001b[0m\u001b[1;33m,\u001b[0m\u001b[0mwa\u001b[0m\u001b[1;33m,\u001b[0m\u001b[0msol_dsp\u001b[0m\u001b[1;33m.\u001b[0m\u001b[0mobjective_value\u001b[0m\u001b[1;33m,\u001b[0m\u001b[0my\u001b[0m\u001b[1;33m,\u001b[0m\u001b[0mv\u001b[0m\u001b[1;33m,\u001b[0m\u001b[0mu\u001b[0m\u001b[1;33m)\u001b[0m\u001b[1;33m\u001b[0m\u001b[1;33m\u001b[0m\u001b[0m\n\u001b[0m\u001b[0;32m     73\u001b[0m         \u001b[1;31m#l'ajout de la contrainte d'optimalité génère une erreur qu'on n'arrive pas à régler\u001b[0m\u001b[1;33m\u001b[0m\u001b[1;33m\u001b[0m\u001b[1;33m\u001b[0m\u001b[0m\n\u001b[0;32m     74\u001b[0m \u001b[1;33m\u001b[0m\u001b[0m\n",
      "\u001b[1;32m<ipython-input-6-9e1a167a8f94>\u001b[0m in \u001b[0;36madd_optimality_constraint\u001b[1;34m(N, M, wa, z, y, v, u)\u001b[0m\n\u001b[0;32m     25\u001b[0m \u001b[1;33m\u001b[0m\u001b[0m\n\u001b[0;32m     26\u001b[0m     optimality_constraint = wa.add_constraint((sum(v[i] for i in range(N))-\n\u001b[1;32m---> 27\u001b[1;33m                                                sum(u[i][j]*y[j] for i in range(N) for j in range(M))) <= z)\n\u001b[0m\u001b[0;32m     28\u001b[0m \u001b[1;33m\u001b[0m\u001b[0m\n\u001b[0;32m     29\u001b[0m     \u001b[1;32mreturn\u001b[0m \u001b[0moptimality_constraint\u001b[0m\u001b[1;33m\u001b[0m\u001b[1;33m\u001b[0m\u001b[0m\n",
      "\u001b[1;32m~\\Anaconda3\\lib\\site-packages\\docplex\\mp\\model.py\u001b[0m in \u001b[0;36madd_constraint\u001b[1;34m(self, ct, ctname)\u001b[0m\n\u001b[0;32m   4053\u001b[0m             \u001b[1;33m:\u001b[0m\u001b[0mfunc\u001b[0m\u001b[1;33m:\u001b[0m\u001b[0;31m`\u001b[0m\u001b[0madd_constraint_\u001b[0m\u001b[0;31m`\u001b[0m\u001b[1;33m\u001b[0m\u001b[1;33m\u001b[0m\u001b[0m\n\u001b[0;32m   4054\u001b[0m         \"\"\"\n\u001b[1;32m-> 4055\u001b[1;33m         \u001b[0mct\u001b[0m \u001b[1;33m=\u001b[0m \u001b[0mself\u001b[0m\u001b[1;33m.\u001b[0m\u001b[0m_add_constraint_internal\u001b[0m\u001b[1;33m(\u001b[0m\u001b[0mct\u001b[0m\u001b[1;33m,\u001b[0m \u001b[0mctname\u001b[0m\u001b[1;33m)\u001b[0m\u001b[1;33m\u001b[0m\u001b[1;33m\u001b[0m\u001b[0m\n\u001b[0m\u001b[0;32m   4056\u001b[0m         \u001b[1;32mreturn\u001b[0m \u001b[0mct\u001b[0m\u001b[1;33m\u001b[0m\u001b[1;33m\u001b[0m\u001b[0m\n\u001b[0;32m   4057\u001b[0m \u001b[1;33m\u001b[0m\u001b[0m\n",
