{
 "cells": [
  {
   "cell_type": "markdown",
   "metadata": {},
   "source": [
    "# TP2 - Modeling using docplex"
   ]
  },
  {
   "cell_type": "markdown",
   "metadata": {},
   "source": [
    "## 1. The `docplex` python package\n",
    "\n",
    "`DOcplex` is a python package developped by IBM &mdash; It provides easy-to-use API for IBM solvers Cplex and Cpoptimizer.\n",
    "\n",
    "DOcplex documentation for mathematical programming can be found here: http://ibmdecisionoptimization.github.io/docplex-doc/#mathematical-programming-modeling-for-python-using-docplex-mp-docplex-mp"
   ]
  },
  {
   "cell_type": "markdown",
   "metadata": {},
   "source": [
    "## 2. Solving TSP using `docplex`\n",
    "\n",
    "### 2.1. TSP model using `docplex`\n",
    "\n",
    "**Exercice:** Using `docplex`, create a model for the travelling salesman problem using the MTZ or Flow formulation and compare them."
   ]
  },
  {
   "cell_type": "code",
   "execution_count": 2,
   "metadata": {},
   "outputs": [],
   "source": [
    "#!pip install cplex"
   ]
  },
  {
   "cell_type": "code",
   "execution_count": 1,
   "metadata": {
    "scrolled": false
   },
   "outputs": [
    {
     "name": "stdout",
     "output_type": "stream",
     "text": [
      "Flow : z* = 2085.0\n"
     ]
    }
   ],
   "source": [
    "from docplex.mp.model import Model\n",
    "import tsp.data as data\n",
    "import numpy as np\n",
    "\n",
    "\n",
    "#distances = data.grid42\n",
    "distances = data.grid17\n",
    "N = len(distances)\n",
    "\n",
    "tsp_flow = Model(\"TSP Flow\")\n",
    "tsp_flow.log_output = False\n",
    "\n",
    "tsp_mtz = Model(\"TSP MTZ\")\n",
    "tsp_mtz.log_output = True\n",
    "\n",
    "#Variables\n",
    "x = [tsp_flow.binary_var_list(N,name=f'x{i}_') for i in range(N)]\n",
    "y = [tsp_flow.integer_var_list(N,name=f'y{i}_') for i in range(N)]\n",
    "\n",
    "t = [tsp_mtz.binary_var_list(N,name=f't{i}_') for i in range(N)]\n",
    "u = tsp_mtz.integer_var_list(N,name=f'u_')\n",
    "\n",
    "#Objective\n",
    "#tsp.minimize(sum(tsp.dot(distances[i][j], x[i][j]) for i in range(N) for j in range(N)))\n",
    "mySum = 0\n",
    "for i in range(N):\n",
    "    for j in range(N):\n",
    "        mySum += distances[i][j]*x[i][j]\n",
    "tsp_flow.minimize(mySum)\n",
    "\n",
    "mySum = 0\n",
    "for i in range(N):\n",
    "    for j in range(N):\n",
    "        mySum += distances[i][j]*t[i][j]\n",
    "tsp_mtz.minimize(mySum)\n",
    "\n",
    "#Constraints\n",
    "#Constraints on variable x & t\n",
    "for i in range(N) :\n",
    "    tsp_flow.add_constraint(sum(x[i][j] for j in range(N) if i!=j) == 1)\n",
    "    tsp_mtz.add_constraint(sum(t[i][j] for j in range(N) if i!=j) == 1)\n",
    "    \n",
    "for j in range(N) :\n",
    "    tsp_flow.add_constraint(sum(x[i][j] for i in range(N) if i!=j) == 1)\n",
    "    tsp_mtz.add_constraint(sum(t[i][j] for i in range(N) if i!=j) == 1)\n",
    "    \n",
    "for i in range(N):\n",
    "    tsp_flow.add_constraint(x[i][i] == 0)\n",
    "    tsp_mtz.add_constraint(t[i][i] == 0)\n",
    "\n",
    "#Constraints on variable u    \n",
    "tsp_mtz.add_constraint(u[0] == 1)\n",
    "\n",
    "for i in range(1,N) : \n",
    "    tsp_mtz.add_constraint(2 <= u[i])\n",
    "    tsp_mtz.add_constraint(u[i] <= N)\n",
    "    tsp_mtz.add_constraints( [u[i]- u[j] + 1 <= (N-1)*(1-t[i][j]) for j in range(1,N)] )\n",
    "\n",
    "#Constraints on variable y    \n",
    "tsp_flow.add_constraint(sum(y[0][j] for j in range(N)) == 1)\n",
    "\n",
    "for i in range(1,N):\n",
    "    tsp_flow.add_constraint(sum(y[i][j] for j in range(N)) == sum(y[j][i] for j in range(N))+ 1)\n",
    "\n",
    "for i in range(N):\n",
    "    tsp_flow.add_constraints([y[i][j] <= (N * x[i][j]) for j in range(N)])\n",
    "\n",
    "\n",
    "solution_flow = tsp_flow.solve()\n",
    "print(\"Flow : z* =\", solution_flow.objective_value)\n",
    "\n",
    "\n",
    "#solution_mtz = tsp_mtz.solve()\n",
    "#print(\"MTZ  : z* =\", solution_mtz.objective_value)"
   ]
  },
  {
   "cell_type": "markdown",
   "metadata": {},
   "source": [
    "The largest set of distances contains 42 nodes, and should be easily solved by `docplex`.\n",
    "\n",
    "### 2.2. Generating random TSP instances\n",
    "\n",
    "**Question:** What method could you implement to generate a realistic set of distances for $n$ customers?\n",
    "\n",
    "**Exercice:** Implement the method proposed above and test it."
   ]
  },
  {
   "cell_type": "code",
   "execution_count": 2,
   "metadata": {},
   "outputs": [
    {
     "name": "stdout",
     "output_type": "stream",
     "text": [
      "[[0.         0.72798484 0.92590762 0.92871737 0.37500214 0.02633906\n",
      "  0.51203369 0.89532182 0.68366722 0.43255403 0.12448558 0.88196004\n",
      "  0.58069398 0.82143299 0.76935641 0.8775191  1.03080405 0.45313714\n",
      "  0.79148442 0.92999528]\n",
      " [0.72798484 0.         0.2414499  0.56610937 0.77353513 0.70189247\n",
      "  0.32028937 0.45961029 0.15181152 0.40487926 0.81500654 0.2348652\n",
      "  0.80067825 0.44194375 0.38543712 0.29240397 0.94771109 0.94428735\n",
      "  0.73522026 0.65080475]\n",
      " [0.92590762 0.2414499  0.         0.44696315 0.8898497  0.90080367\n",
      "  0.44091384 0.33457063 0.24407444 0.53533581 0.99624425 0.06509493\n",
      "  0.8585598  0.35985828 0.33238685 0.14099484 0.87476171 1.05919241\n",
      "  0.70967408 0.55040447]\n",
      " [0.92871737 0.56610937 0.44696315 0.         0.71363886 0.91036912\n",
      "  0.45492528 0.11328519 0.43133557 0.50601256 0.94429481 0.39218567\n",
      "  0.58103493 0.13263129 0.19724241 0.3094841  0.43386258 0.85301717\n",
      "  0.32976192 0.10719624]\n",
      " [0.37500214 0.77353513 0.8898497  0.71363886 0.         0.37597309\n",
      "  0.4594903  0.72497901 0.661498   0.36917155 0.30710807 0.82999144\n",
      "  0.21552348 0.6473469  0.61895188 0.7907961  0.69028916 0.17131755\n",
      "  0.47726367 0.67648312]\n",
      " [0.02633906 0.70189247 0.90080367 0.91036912 0.37597309 0.\n",
      "  0.48941124 0.87484832 0.6589005  0.41161281 0.14530363 0.85732413\n",
      "  0.57770682 0.80147764 0.74859565 0.85388104 1.02215906 0.46340387\n",
      "  0.78088726 0.91396711]\n",
      " [0.51203369 0.32028937 0.44091384 0.45492528 0.4594903  0.48941124\n",
      "  0.         0.39593479 0.20307495 0.09448535 0.56422372 0.38675211\n",
      "  0.48425719 0.32978043 0.26954157 0.36885251 0.71923602 0.63079224\n",
      "  0.47704878 0.49290909]\n",
      " [0.89532182 0.45961029 0.33457063 0.11328519 0.72497901 0.87484832\n",
      "  0.39593479 0.         0.33321922 0.46337564 0.92550661 0.27894857\n",
      "  0.62257    0.07809167 0.12693057 0.19625227 0.54187657 0.87705084\n",
      "  0.4057944  0.21600446]\n",
      " [0.68366722 0.15181152 0.24407444 0.43133557 0.661498   0.6589005\n",
      "  0.20307495 0.33321922 0.         0.29690057 0.75217026 0.1986628\n",
      "  0.66344033 0.30158078 0.2408569  0.21158067 0.7974136  0.8326206\n",
      "  0.58349511 0.50799389]\n",
      " [0.43255403 0.40487926 0.53533581 0.50601256 0.36917155 0.41161281\n",
      "  0.09448535 0.46337564 0.29690057 0.         0.47507116 0.48061745\n",
      "  0.41818854 0.39096029 0.33698643 0.45896058 0.71365737 0.5403335\n",
      "  0.46416597 0.52639734]\n",
      " [0.12448558 0.81500654 0.99624425 0.94429481 0.30710807 0.14530363\n",
      "  0.56422372 0.92550661 0.75217026 0.47507116 0.         0.94722757\n",
      "  0.52231195 0.84882834 0.80303225 0.93295207 0.99197221 0.34715659\n",
      "  0.76495271 0.93133323]\n",
      " [0.88196004 0.2348652  0.06509493 0.39218567 0.82999144 0.85732413\n",
      "  0.38675211 0.27894857 0.1986628  0.48061745 0.94722757 0.\n",
      "  0.7942002  0.29784351 0.26778506 0.08270159 0.81559876 0.99859495\n",
      "  0.6456646  0.49336167]\n",
      " [0.58069398 0.80067825 0.8585598  0.58103493 0.21552348 0.57770682\n",
      "  0.48425719 0.62257    0.66344033 0.41818854 0.52231195 0.7942002\n",
      "  0.         0.55100111 0.54344765 0.73708594 0.47851074 0.2885188\n",
      "  0.28921153 0.51941915]\n",
      " [0.82143299 0.44194375 0.35985828 0.13263129 0.6473469  0.80147764\n",
      "  0.32978043 0.07809167 0.30158078 0.39096029 0.84882834 0.29784351\n",
      "  0.55100111 0.         0.06469757 0.21934464 0.52038546 0.80069203\n",
      "  0.3538686  0.20901708]\n",
      " [0.76935641 0.38543712 0.33238685 0.19724241 0.61895188 0.74859565\n",
      "  0.26954157 0.12693057 0.2408569  0.33698643 0.80303225 0.26778506\n",
      "  0.54344765 0.06469757 0.         0.19795551 0.56641451 0.77817486\n",
      "  0.37855896 0.26713731]\n",
      " [0.8775191  0.29240397 0.14099484 0.3094841  0.7907961  0.85388104\n",
      "  0.36885251 0.19625227 0.21158067 0.45896058 0.93295207 0.08270159\n",
      "  0.73708594 0.21934464 0.19795551 0.         0.73417719 0.95639239\n",
      "  0.57121599 0.41097809]\n",
      " [1.03080405 0.94771109 0.87476171 0.43386258 0.69028916 1.02215906\n",
      "  0.71923602 0.54187657 0.7974136  0.71365737 0.99197221 0.81559876\n",
      "  0.47851074 0.52038546 0.56641451 0.73417719 0.         0.75215967\n",
      "  0.25073808 0.32692626]\n",
      " [0.45313714 0.94428735 1.05919241 0.85301717 0.17131755 0.46340387\n",
      "  0.63079224 0.87705084 0.8326206  0.5403335  0.34715659 0.99859495\n",
      "  0.2885188  0.80069203 0.77817486 0.95639239 0.75215967 0.\n",
      "  0.57762411 0.80190111]\n",
      " [0.79148442 0.73522026 0.70967408 0.32976192 0.47726367 0.78088726\n",
      "  0.47704878 0.4057944  0.58349511 0.46416597 0.76495271 0.6456646\n",
      "  0.28921153 0.3538686  0.37855896 0.57121599 0.25073808 0.57762411\n",
      "  0.         0.24503328]\n",
      " [0.92999528 0.65080475 0.55040447 0.10719624 0.67648312 0.91396711\n",
      "  0.49290909 0.21600446 0.50799389 0.52639734 0.93133323 0.49336167\n",
      "  0.51941915 0.20901708 0.26713731 0.41097809 0.32692626 0.80190111\n",
      "  0.24503328 0.        ]]\n",
      "CPXPARAM_Read_DataCheck                          1\n",
      "Tried aggregator 1 time.\n",
      "MIP Presolve eliminated 40 rows and 40 columns.\n",
      "MIP Presolve modified 19 coefficients.\n",
      "Reduced MIP has 440 rows, 760 columns, and 2261 nonzeros.\n",
      "Reduced MIP has 399 binaries, 361 generals, 0 SOSs, and 0 indicators.\n",
      "Presolve time = 0.00 sec. (1.44 ticks)\n",
      "Probing changed sense of 19 constraints.\n",
      "Probing time = 0.01 sec. (3.15 ticks)\n",
      "Cover probing fixed 0 vars, tightened 342 bounds.\n",
      "Tried aggregator 1 time.\n",
      "MIP Presolve eliminated 20 rows and 19 columns.\n",
      "MIP Presolve modified 342 coefficients.\n",
      "Reduced MIP has 420 rows, 741 columns, and 2204 nonzeros.\n",
      "Reduced MIP has 380 binaries, 361 generals, 0 SOSs, and 0 indicators.\n",
      "Presolve time = 0.01 sec. (2.45 ticks)\n",
      "Probing time = 0.00 sec. (2.65 ticks)\n",
      "Clique table members: 40.\n",
      "MIP emphasis: balance optimality and feasibility.\n",
      "MIP search method: dynamic search.\n",
      "Parallel mode: deterministic, using up to 32 threads.\n",
      "Root relaxation solution time = 0.00 sec. (4.60 ticks)\n",
      "\n",
      "        Nodes                                         Cuts/\n",
      "   Node  Left     Objective  IInf  Best Integer    Best Bound    ItCnt     Gap\n",
      "\n",
      "*     0+    0                           10.2906        0.0000           100.00%\n",
      "      0     0        3.2894    53       10.2906        3.2894      268   68.03%\n",
      "      0     0        3.4020    81       10.2906      Cuts: 64      329   66.94%\n",
      "*     0+    0                            3.5632        3.4020             4.52%\n",
      "      0     0        cutoff              3.5632        3.5632      395    0.00%\n",
      "Elapsed time = 0.95 sec. (95.72 ticks, tree = 0.01 MB, solutions = 2)\n",
      "\n",
      "Cover cuts applied:  6\n",
      "Implied bound cuts applied:  17\n",
      "Flow cuts applied:  24\n",
      "Mixed integer rounding cuts applied:  4\n",
      "Zero-half cuts applied:  4\n",
      "Multi commodity flow cuts applied:  1\n",
      "Lift and project cuts applied:  7\n",
      "Gomory fractional cuts applied:  1\n",
      "\n",
      "Root node processing (before b&c):\n",
      "  Real time             =    0.96 sec. (95.77 ticks)\n",
      "Parallel b&c, 32 threads:\n",
      "  Real time             =    0.00 sec. (0.00 ticks)\n",
      "  Sync time (average)   =    0.00 sec.\n",
      "  Wait time (average)   =    0.00 sec.\n",
      "                          ------------\n",
      "Total (root+branch&cut) =    0.96 sec. (95.77 ticks)\n",
      "z* = 3.5631553469068478\n"
     ]
    }
   ],
   "source": [
    "import numpy as np\n",
    "import scipy.spatial.distance as sc\n",
    "\n",
    "def generate_distances(n: int):\n",
    "    coords = np.random.rand(n, 2) #2 est le nombre de dimensions du pb\n",
    "    return sc.cdist(coords, coords, metric='euclidean') #librairie qui permet d'avoir une matrice symétrique\n",
    "\n",
    "\n",
    "from docplex.mp.model import Model\n",
    "\n",
    "distances = generate_distances(20)\n",
    "#distances = generate_distances(50)\n",
    "print(distances)\n",
    "\n",
    "N = len(distances)\n",
    "\n",
    "tsp = Model(\"TSP\")\n",
    "tsp.log_output = True\n",
    "\n",
    "# TODO: Copy your model from the first question here.\n",
    "#Variables\n",
    "x = [tsp.binary_var_list(N,name=f'x{i}_') for i in range(N)]\n",
    "y = [tsp.integer_var_list(N,name=f'y{i}_') for i in range(N)]\n",
    "\n",
    "#Objective\n",
    "#tsp.minimize(sum(tsp.dot(distances[i][j], x[i][j]) for i in range(N) for j in range(N)))\n",
    "mySum = 0\n",
    "for i in range(N):\n",
    "    for j in range(N):\n",
    "        mySum += distances[i][j]*x[i][j]\n",
    "tsp.minimize(mySum)\n",
    "\n",
    "#Constraints\n",
    "#Constraints on variable x & t\n",
    "for i in range(N) :\n",
    "    tsp.add_constraint(sum(x[i][j] for j in range(N) if i!=j) == 1)\n",
    "    \n",
    "for j in range(N) :\n",
    "    tsp.add_constraint(sum(x[i][j] for i in range(N) if i!=j) == 1)\n",
    "    \n",
    "for i in range(N):\n",
    "    tsp.add_constraint(x[i][i] == 0)\n",
    "\n",
    "#Constraints on variable y    \n",
    "tsp.add_constraint(sum(y[0][j] for j in range(N)) == 1)\n",
    "\n",
    "for i in range(1,N):\n",
    "    tsp.add_constraint(sum(y[i][j] for j in range(N)) == sum(y[j][i] for j in range(N))+ 1)\n",
    "\n",
    "for i in range(N):\n",
    "    tsp.add_constraints([y[i][j] <= (N * x[i][j]) for j in range(N)])\n",
    "\n",
    "solution = tsp.solve()\n",
    "print(\"z* =\", solution.objective_value)"
   ]
  },
  {
   "cell_type": "markdown",
   "metadata": {},
   "source": [
    "## 3. Solving Warehouse Allocation using Benders decomposition with `docplex`\n",
    "\n",
    "### 3.1. The warehouse problem\n",
    "\n",
    "A company needs to supply a set of $n$ clients and needs to open new warehouses (from a\n",
    "set of $m$ possible warehouses).\n",
    "Opening a warehouse $j$ costs $f_j$ and supplying a client $i$ from a warehouse $j$ costs $c_{ij}$ per supply unit.\n",
    "Which warehouses should be opened in order to satisfy all clients while minimizing the total cost?\n",
    "\n",
    "### 3.2. Solving the warehouse problem with a single ILP\n",
    "\n",
    "- $y_{j} = 1$ if and only if warehouse $j$ is opened.\n",
    "- $x_{ij}$ is the fraction supplied from warehouse $j$ to customer $i$.\n",
    "\n",
    "$\n",
    "\\begin{align}\n",
    "  \\text{min.} \\quad & \\sum_{i=1}^{n} \\sum_{j=1}^{m} c_{ij} x_{ij} + \\sum_{j=1}^{m} f_{j} y_{j} & \\\\\n",
    "  \\text{s.t.} \\quad & \\sum_{j=1}^{m} x_{ij} = 1, & \\forall i \\in\\{1,\\ldots,n\\}\\\\\n",
    "                    & x_{ij} \\leq y_{j}, & \\forall i\\in\\{1,\\ldots,n\\},\\forall j\\in\\{1,\\ldots,m\\}\\\\\n",
    "                    & y_{j} \\in \\left\\{0,~1\\right\\}, & \\forall j \\in \\left\\{1,~\\ldots,~m\\right\\}\\\\\n",
    "                    & x_{ij} \\geq 0, & \\forall i \\in \\left\\{1,~\\ldots,~n\\right\\}, \\forall j \\in \\left\\{1,~\\ldots,~m\\right\\}\n",
    "\\end{align}\n",
    "$\n",
    "\n",
    "\n",
    "**Exercice:** Implement the ILP model for the warehouse allocation problem and test it on the given instance."
   ]
  },
  {
   "cell_type": "code",
   "execution_count": 41,
   "metadata": {},
   "outputs": [
    {
     "name": "stdout",
     "output_type": "stream",
     "text": [
      "CPXPARAM_Read_DataCheck                          1\n",
      "Found incumbent of value 40.000000 after 0.00 sec. (0.00 ticks)\n",
      "Tried aggregator 1 time.\n",
      "MIP Presolve eliminated 9 rows and 0 columns.\n",
      "Reduced MIP has 12 rows, 12 columns, and 27 nonzeros.\n",
      "Reduced MIP has 12 binaries, 0 generals, 0 SOSs, and 0 indicators.\n",
      "Presolve time = 0.00 sec. (0.02 ticks)\n",
      "Probing time = 0.00 sec. (0.00 ticks)\n",
      "Tried aggregator 1 time.\n",
      "Reduced MIP has 12 rows, 12 columns, and 27 nonzeros.\n",
      "Reduced MIP has 12 binaries, 0 generals, 0 SOSs, and 0 indicators.\n",
      "Presolve time = 0.00 sec. (0.02 ticks)\n",
      "Probing time = 0.00 sec. (0.00 ticks)\n",
      "Clique table members: 12.\n",
      "MIP emphasis: balance optimality and feasibility.\n",
      "MIP search method: dynamic search.\n",
      "Parallel mode: deterministic, using up to 32 threads.\n",
      "Root relaxation solution time = 0.00 sec. (0.02 ticks)\n",
      "\n",
      "        Nodes                                         Cuts/\n",
      "   Node  Left     Objective  IInf  Best Integer    Best Bound    ItCnt     Gap\n",
      "\n",
      "*     0+    0                           40.0000        0.0000           100.00%\n",
      "*     0+    0                           38.0000        0.0000           100.00%\n",
      "      0     0       36.0000     9       38.0000       36.0000        7    5.26%\n",
      "      0     0        cutoff             38.0000                      7    0.00%\n",
      "Elapsed time = 0.02 sec. (0.12 ticks, tree = 0.01 MB, solutions = 2)\n",
      "\n",
      "Root node processing (before b&c):\n",
      "  Real time             =    0.02 sec. (0.12 ticks)\n",
      "Parallel b&c, 32 threads:\n",
      "  Real time             =    0.00 sec. (0.00 ticks)\n",
      "  Sync time (average)   =    0.00 sec.\n",
      "  Wait time (average)   =    0.00 sec.\n",
      "                          ------------\n",
      "Total (root+branch&cut) =    0.02 sec. (0.12 ticks)\n",
      "z* = 38.0\n"
     ]
    }
   ],
   "source": [
    "from docplex.mp.model import Model\n",
    "\n",
    "# We will start with a small instances with 3 warehouses and 3 clients:\n",
    "N = 3\n",
    "M = 3\n",
    "\n",
    "# Opening and distribution costs:\n",
    "f = [20, 20, 20]\n",
    "c = [[15, 1, 2], [1, 16, 3], [4, 1, 17]]\n",
    "\n",
    "wa = Model(\"Warehouse Allocation\")\n",
    "wa.log_output = True\n",
    "\n",
    "# TODO: Model for the warehouse allocation.\n",
    "\n",
    "#Variables\n",
    "x = [wa.integer_var_list(M,name=f'x{i}_') for i in range(N)]\n",
    "y = wa.binary_var_list(M,name=f'y_')\n",
    "\n",
    "#Objective\n",
    "wa.minimize(sum(c[i][j]*x[i][j] for i in range(N) for j in range(M)) + sum(f[j]*y[j] for j in range(M)))\n",
    "\n",
    "#Constraints\n",
    "for i in range(N):\n",
    "    wa.add_constraint(sum(x[i][j] for j in range(M)) == 1)\n",
    "\n",
    "for i in range(N):\n",
    "    for j in range(M):\n",
    "        wa.add_constraint(x[i][j] <= y[j])\n",
    "    \n",
    "\"\"\"for j in range(M):\n",
    "    wa.add_constraint(y[j] >= 0)\n",
    "    wa.add_constraint(y[i] <= 1)\"\"\"\n",
    "#inutile car y est une liste binaire\n",
    "    \n",
    "for i in range (N):\n",
    "    for j in range(M):\n",
    "        wa.add_constraint(x[i][j] >= 0)\n",
    "\n",
    "solution = wa.solve()\n",
    "print(\"z* =\", solution.objective_value)"
   ]
  },
  {
   "cell_type": "markdown",
   "metadata": {},
   "source": [
    "### 3.3. Benders' decomposition for the Warehouse Allocation problem\n",
    "\n",
    "We are going to use Benders' decomposition to solve the Warehouse Allocation problem. \n",
    "\n",
    "#### Dual subproblem\n",
    "\n",
    "$\n",
    "\\begin{align*}\n",
    "\\text{max.} \\quad & \\sum_{i=1}^{n} v_{i} - \\sum_{i=1}^{n}\\sum_{j=1}^{m} \\bar{y}_{j} u_{ij} & \\\\\n",
    "\\text{s.t.} \\quad & v_{i} - u_{ij} \\leq c_{ij}, & \\forall i\\in\\{1,\\ldots,n\\},\\forall j\\in\\{1,\\ldots,m\\}\\\\\n",
    "                  & v_{i} \\in\\mathbb{R},\\ u_{ij} \\geq 0 & \\forall i \\in\\{1,\\ldots,n\\}, \\forall j\\in\\{1,\\ldots,m\\}\n",
    "\\end{align*}\n",
    "$\n",
    "\n",
    "#### Master problem\n",
    "\n",
    "$\n",
    "\\begin{align*}\n",
    "  \\text{min.} \\quad & \\sum_{j=1}^{m} f_j y_j + z & \\\\\n",
    "  \\text{s.t.} \\quad & z \\geq \\sum_{i=1}^{n}v_i^p - \\sum_{i=1}^{n} \\sum_{j=1}^{m} u_{ij}^p y_j, & \\forall p\\in l_1\\\\\n",
    "                    & 0 \\geq \\sum_{i=1}^{n}v_i^r - \\sum_{i=1}^{n} \\sum_{j=1}^{n} u_{ij}^r y_j, & \\forall r\\in l_2\\\\\n",
    "                    & y_{j} \\in\\{0,1\\}, & \\forall j\\in\\{1,\\ldots,m\\}\n",
    "\\end{align*}\n",
    "$"
   ]
  },
  {
   "cell_type": "markdown",
   "metadata": {},
   "source": [
    "**Exercice:** Implement the method `create_master_problem` that creates the initial master problem (without feasibility or optimality constraints) for the warehouse allocation problem.\n",
    "\n",
    "<div class=\"alert alert-info alert-block\">\n",
    "\n",
    "You can use `print(m.export_as_lp_string())` to display a textual representation of a `docplex` model `m`.\n",
    "    \n",
    "</div>"
   ]
  },
  {
   "cell_type": "code",
   "execution_count": null,
   "metadata": {},
   "outputs": [],
   "source": [
    "from docplex.mp.model import Model\n",
    "from docplex.mp.linear import Var\n",
    "from docplex.mp.constr import AbstractConstraint\n",
    "from typing import List, Sequence, Tuple\n",
    "\n",
    "\n",
    "def create_master_problem(\n",
    "    N: int, M: int, f: Sequence[float], c: Sequence[Sequence[float]]\n",
    ") -> Tuple[Model, Var, Sequence[Var]]:\n",
    "    \"\"\"\n",
    "    Creates the initial Benders master problem for the Warehouse Allocation problem.\n",
    "\n",
    "    Args:\n",
    "        N: Number of clients.\n",
    "        M: Number of warehouses.\n",
    "        f: Array-like containing costs of opening warehouses.\n",
    "        c: 2D-array like containing transport costs from client to warehouses.\n",
    "\n",
    "    Returns:\n",
    "        A 3-tuple containing the docplex problem, the z variable and the y variables.\n",
    "    \"\"\"\n",
    "\n",
    "    wa = Model(\"Warehouse Allocation - Benders master problem\")\n",
    "\n",
    "    #Master problem\n",
    "    #variables\n",
    "    u = [wa.integer_var_list(M,name=f'u{i}_') for i in range(N)]\n",
    "    v = wa.integer_var_list(N,name=f'v_')\n",
    "    y = wa.binary_var_list(M,name=f'y_')\n",
    "    \n",
    "    #Objective\n",
    "    \n",
    "\n",
    "    #Constraints\n",
    "    wa.add_constraint((sum(v[i]) for i in range(N)-sum(u[i][j]*y[j]) for i in range(N) for j in range(M)) <= z)\n",
    "    wa\n",
    "\n",
    "\n",
    "    return wa, z, y\n",
    "\n",
    "\n",
    "# Check your method:\n",
    "wa, z, y = create_master_problem(N, M, f, c)\n",
    "print(wa.export_as_lp_string())"
   ]
  },
  {
   "cell_type": "markdown",
   "metadata": {},
   "source": [
    "**Exercice:** Implement the method `add_optimality_constraints` that add optimality constraints to the Benders master problem. "
   ]
  },
  {
   "cell_type": "code",
   "execution_count": null,
   "metadata": {},
   "outputs": [],
   "source": [
    "def add_optimality_constraint(\n",
    "    N: int,\n",
    "    M: int,\n",
    "    wa: Model,\n",
    "    z: Var,\n",
    "    y: Sequence[Var],\n",
    "    v: Sequence[float],\n",
    "    u: Sequence[Sequence[float]],\n",
    ") -> List[AbstractConstraint]:\n",
    "    \"\"\"\n",
    "    Adds an optimality constraints to the given Warehouse Allocation model\n",
    "    using the given optimal values from the Benders dual subproblem.\n",
    "\n",
    "    Args:\n",
    "        N: Number of clients.\n",
    "        M: Number of warehouses.\n",
    "        wa: The Benders master problem (docplex.mp.model.Model).\n",
    "        z: The z variable of the master problem.\n",
    "        y: The y variables of the master problem.\n",
    "        v: The optimal values for the v variables of the Benders dual subproblem.\n",
    "        u: The optimal values for the u variables of the Benders dual subproblem.\n",
    "\n",
    "    Return: The optimality constraint added.\n",
    "    \"\"\"\n",
    "    return ...  # TODO"
   ]
  },
  {
   "cell_type": "markdown",
   "metadata": {},
   "source": [
    "**Exercice:** Implement the method `add_feasibility_constraints` that add feasibility constraints to the Benders master problem. "
   ]
  },
  {
   "cell_type": "code",
   "execution_count": null,
   "metadata": {},
   "outputs": [],
   "source": [
    "def add_feasibility_constraints(\n",
    "    N: int,\n",
    "    M: int,\n",
    "    wa: Model,\n",
    "    z: Var,\n",
    "    y: Sequence[Var],\n",
    "    v: Sequence[float],\n",
    "    u: Sequence[Sequence[float]],\n",
    ") -> List[AbstractConstraint]:\n",
    "    \"\"\"\n",
    "    Adds an optimality constraints to the given Warehouse Allocation model\n",
    "    using the given optimal values from the Benders dual subproblem.\n",
    "\n",
    "    Args:\n",
    "      - N: Number of clients.\n",
    "      - M: Number of warehouses.\n",
    "      - wa: The Benders master problem (docplex.mp.model.Model).\n",
    "      - z: The z variable of the master problem.\n",
    "      - y: The y variables of the master problem.\n",
    "      - v: The extreme rays for the v variables of the Benders dual subproblem.\n",
    "      - u: The extreme rays for the u variables of the Benders dual subproblem.\n",
    "\n",
    "    Returns:\n",
    "        The feasibility constraint added.\n",
    "    \"\"\"\n",
    "    # TODO:\n",
    "    return"
   ]
  },
  {
   "cell_type": "markdown",
   "metadata": {},
   "source": [
    "**Exercice:** Implement the method `create_dual_subproblem` that, given a solution `y` of the master problem, create the corresponding Benders dual subproblem.\n",
    "\n",
    "$\n",
    "\\begin{align*}\n",
    "\\text{max.} \\quad & \\sum_{i=1}^{n} v_{i} - \\sum_{i=1}^{n}\\sum_{j=1}^{m} \\bar{y}_{j} u_{ij} & \\\\\n",
    "\\text{s.t.} \\quad & v_{i} - u_{ij} \\leq c_{ij}, & \\forall i\\in\\{1,\\ldots,n\\},\\forall j\\in\\{1,\\ldots,m\\}\\\\\n",
    "                  & v_{i} \\in\\mathbb{R},\\ u_{ij} \\geq 0 & \\forall i \\in\\{1,\\ldots,n\\}, \\forall j\\in\\{1,\\ldots,m\\}\n",
    "\\end{align*}\n",
    "$"
   ]
  },
  {
   "cell_type": "code",
   "execution_count": null,
   "metadata": {},
   "outputs": [],
   "source": [
    "from docplex.mp.model import Model\n",
    "\n",
    "\n",
    "def create_dual_subproblem(\n",
    "    N: int, M: int, f: Sequence[float], c: Sequence[Sequence[float]], y: Sequence[int]\n",
    ") -> Tuple[Model, Sequence[Var], Sequence[Sequence[Var]]]:\n",
    "    \"\"\"\n",
    "    Creates a Benders dual subproblem for the Warehouse Allocation problem corresponding\n",
    "    to the given master solution.\n",
    "\n",
    "    Args:\n",
    "        N: Number of clients.\n",
    "        M: Number of warehouses.\n",
    "        f: Array-like containing costs of opening warehouses.\n",
    "        c: 2D-array like containing transport costs from client to warehouses.\n",
    "        y: Values of the y variables from the Benders master problem.\n",
    "\n",
    "    Returns:\n",
    "        A 3-tuple containing the docplex problem, the v variable and the u variables.\n",
    "    \"\"\"\n",
    "\n",
    "    dsp = Model(\"Warehouse Allocation - Benders dual subproblem\")\n",
    "\n",
    "    # We disable pre-solve to be able to retrieve a meaningful status in the main\n",
    "    # algorithm:\n",
    "    dsp.parameters.preprocessing.presolve.set(0)\n",
    "\n",
    "    ...  # TODO\n",
    "\n",
    "    return dsp, v, u\n",
    "\n",
    "\n",
    "# Check your method (assuming y = [1 1 1 ... 1]):\n",
    "dsp, v, u = create_dual_subproblem(N, M, f, c, [1] * M)\n",
    "print(dsp.export_as_lp_string())"
   ]
  },
  {
   "cell_type": "markdown",
   "metadata": {},
   "source": [
    "**Exercice:** Using the methods you implemented, write the Benders decomposition algorithm for the warehouse allocation problem.\n",
    "\n",
    "<div class=\"alert alert-block alert-info\">\n",
    "\n",
    "The `get_extreme_rays` function can be used to retrieve the extreme rays associated with an unbounded solution of the dual subproblem.\n",
    "    \n",
    "</div>\n",
    "\n",
    "<div class=\"alert alert-block alert-info\">\n",
    "    \n",
    "You can use `model.get_solve_status()` to obtain the status of the resolution and compare it to members of `JobSolveStatus`:\n",
    "    \n",
    "```python\n",
    "if model.get_solve_status() == JobSolveStatus.OPTIMAL_SOLUTION:\n",
    "    pass\n",
    "```\n",
    "    \n",
    "</div>"
   ]
  },
  {
   "cell_type": "code",
   "execution_count": null,
   "metadata": {},
   "outputs": [],
   "source": [
    "from docplex.mp.model import Model\n",
    "from docplex.util.status import JobSolveStatus\n",
    "\n",
    "\n",
    "def get_extreme_rays(\n",
    "    N: int, M: int, model: Model, v: Sequence[Var], u: Sequence[Sequence[Var]]\n",
    ") -> Tuple[Sequence[float], Sequence[Sequence[float]]]:\n",
    "    \"\"\"\n",
    "    Retrieves the extreme rays associated to the dual subproblem.\n",
    "\n",
    "    Args:\n",
    "        N: Number of clients.\n",
    "        M: Number of warehouses.\n",
    "        model: The Benders dual subproblem model (docplex.mp.model.Model).\n",
    "        v: 1D array containing the v variables of the subproblem.\n",
    "        u: Either a 2D array of a tuple-index dictionary containing the u variables\n",
    "            of the subproblem.\n",
    "\n",
    "    Returns:\n",
    "        A 2-tuple containing the list of extreme rays correspondig to v,\n",
    "        and the 2D-list of extreme rays corresponding to u.\n",
    "    \"\"\"\n",
    "    ray = model.get_engine().get_cplex().solution.advanced.get_ray()\n",
    "\n",
    "    if isinstance(u, dict):\n",
    "\n",
    "        def get_uij(i, j):\n",
    "            return u[i, j]\n",
    "\n",
    "    else:\n",
    "\n",
    "        def get_uij(i, j):\n",
    "            return u[i][j]\n",
    "\n",
    "    return (\n",
    "        [ray[v[i].index] for i in range(N)],\n",
    "        [[ray[get_uij(i, j).index] for j in range(M)] for i in range(N)],\n",
    "    )\n",
    "\n",
    "\n",
    "# We will start with a small instances with 3 warehouses and 3 clients:\n",
    "N = 3\n",
    "M = 3\n",
    "\n",
    "# Opening and distribution costs:\n",
    "f = [20, 20, 20]\n",
    "c = [[15, 1, 2], [1, 16, 3], [4, 1, 17]]\n",
    "\n",
    "# We stop iterating if the new solution is less than epsilon\n",
    "# better than the previous one:\n",
    "epsilon = 1e-6\n",
    "\n",
    "wa, z, y = create_master_problem(N, M, f, c)\n",
    "\n",
    "n = 0\n",
    "while True:\n",
    "\n",
    "    # Print iteration:\n",
    "    n = n + 1\n",
    "    print(\"Iteration {}\".format(n))\n",
    "\n",
    "    ...  # TODO\n",
    "\n",
    "print(\"Done.\")"
   ]
  },
  {
   "cell_type": "markdown",
   "metadata": {},
   "source": [
    "### 3.4. Generating instances for the Warehouse Allocation problem\n",
    "\n",
    "**Exercice:** Using the TSP instances contained in `tsp.data` or the `generate_distances` method, create instances for the warehouse allocation problem with randomized opening costs."
   ]
  },
  {
   "cell_type": "code",
   "execution_count": null,
   "metadata": {},
   "outputs": [],
   "source": []
  },
  {
   "cell_type": "markdown",
   "metadata": {},
   "source": [
    "<div class=\"alert alert-block alert-danger\"></div>"
   ]
  }
 ],
 "metadata": {
  "kernelspec": {
   "display_name": "Python (CPLEX)",
   "language": "python",
   "name": "cplex"
  },
  "language_info": {
   "codemirror_mode": {
    "name": "ipython",
    "version": 3
   },
   "file_extension": ".py",
   "mimetype": "text/x-python",
   "name": "python",
   "nbconvert_exporter": "python",
   "pygments_lexer": "ipython3",
   "version": "3.7.13"
  }
 },
 "nbformat": 4,
 "nbformat_minor": 4
}
