{
 "cells": [
  {
   "cell_type": "markdown",
   "metadata": {},
   "source": [
    "# TP2 - Modeling using docplex"
   ]
  },
  {
   "cell_type": "markdown",
   "metadata": {},
   "source": [
    "## 1. The `docplex` python package\n",
    "\n",
    "`DOcplex` is a python package developped by IBM &mdash; It provides easy-to-use API for IBM solvers Cplex and Cpoptimizer.\n",
    "\n",
    "DOcplex documentation for mathematical programming can be found here: http://ibmdecisionoptimization.github.io/docplex-doc/#mathematical-programming-modeling-for-python-using-docplex-mp-docplex-mp"
   ]
  },
  {
   "cell_type": "markdown",
   "metadata": {},
   "source": [
    "## 2. Solving TSP using `docplex`\n",
    "\n",
    "### 2.1. TSP model using `docplex`\n",
    "\n",
    "**Exercice:** Using `docplex`, create a model for the travelling salesman problem using the MTZ or Flow formulation and compare them."
   ]
  },
  {
   "cell_type": "code",
   "execution_count": 2,
   "metadata": {},
   "outputs": [],
   "source": [
    "#!pip install cplex"
   ]
  },
  {
   "cell_type": "code",
   "execution_count": 4,
   "metadata": {
    "scrolled": false
   },
   "outputs": [
    {
     "name": "stdout",
     "output_type": "stream",
     "text": [
      "Flow : z* = 2085.0\n"
     ]
    }
   ],
   "source": [
    "from docplex.mp.model import Model\n",
    "import tsp.data as data\n",
    "import numpy as np\n",
    "\n",
    "\n",
    "#distances = data.grid42\n",
    "distances = data.grid17\n",
    "N = len(distances)\n",
    "\n",
    "tsp_flow = Model(\"TSP Flow\")\n",
    "tsp_flow.log_output = False\n",
    "\n",
    "tsp_mtz = Model(\"TSP MTZ\")\n",
    "tsp_mtz.log_output = True\n",
    "\n",
    "#Variables\n",
    "x = [tsp_flow.binary_var_list(N,name=f'x{i}_') for i in range(N)]\n",
    "y = [tsp_flow.integer_var_list(N,name=f'y{i}_') for i in range(N)]\n",
    "\n",
    "t = [tsp_mtz.binary_var_list(N,name=f't{i}_') for i in range(N)]\n",
    "u = tsp_mtz.integer_var_list(N,name=f'u_')\n",
    "\n",
    "#Objective\n",
    "#tsp.minimize(sum(tsp.dot(distances[i][j], x[i][j]) for i in range(N) for j in range(N)))\n",
    "mySum = 0\n",
    "for i in range(N):\n",
    "    for j in range(N):\n",
    "        mySum += distances[i][j]*x[i][j]\n",
    "tsp_flow.minimize(mySum)\n",
    "\n",
    "mySum = 0\n",
    "for i in range(N):\n",
    "    for j in range(N):\n",
    "        mySum += distances[i][j]*t[i][j]\n",
    "tsp_mtz.minimize(mySum)\n",
    "\n",
    "#Constraints\n",
    "#Constraints on variable x & t\n",
    "for i in range(N) :\n",
    "    tsp_flow.add_constraint(sum(x[i][j] for j in range(N) if i!=j) == 1)\n",
    "    tsp_mtz.add_constraint(sum(t[i][j] for j in range(N) if i!=j) == 1)\n",
    "    \n",
    "for j in range(N) :\n",
    "    tsp_flow.add_constraint(sum(x[i][j] for i in range(N) if i!=j) == 1)\n",
    "    tsp_mtz.add_constraint(sum(t[i][j] for i in range(N) if i!=j) == 1)\n",
    "    \n",
    "for i in range(N):\n",
    "    tsp_flow.add_constraint(x[i][i] == 0)\n",
    "    tsp_mtz.add_constraint(t[i][i] == 0)\n",
    "\n",
    "#Constraints on variable u    \n",
    "tsp_mtz.add_constraint(u[0] == 1)\n",
    "\n",
    "for i in range(1,N) : \n",
    "    tsp_mtz.add_constraint(2 <= u[i])\n",
    "    tsp_mtz.add_constraint(u[i] <= N)\n",
    "    tsp_mtz.add_constraints( [u[i]- u[j] + 1 <= (N-1)*(1-t[i][j]) for j in range(1,N)] )\n",
    "\n",
    "#Constraints on variable y    \n",
    "tsp_flow.add_constraint(sum(y[0][j] for j in range(N)) == 1)\n",
    "\n",
    "for i in range(1,N):\n",
    "    tsp_flow.add_constraint(sum(y[i][j] for j in range(N)) == sum(y[j][i] for j in range(N))+ 1)\n",
    "\n",
    "for i in range(N):\n",
    "    tsp_flow.add_constraints([y[i][j] <= (N * x[i][j]) for j in range(N)])\n",
    "\n",
    "\n",
    "solution_flow = tsp_flow.solve()\n",
    "print(\"Flow : z* =\", solution_flow.objective_value)\n",
    "\n",
    "\n",
    "#solution_mtz = tsp_mtz.solve()\n",
    "#print(\"MTZ  : z* =\", solution_mtz.objective_value)"
   ]
  },
  {
   "cell_type": "markdown",
   "metadata": {},
   "source": [
    "The largest set of distances contains 42 nodes, and should be easily solved by `docplex`.\n",
    "\n",
    "### 2.2. Generating random TSP instances\n",
    "\n",
    "**Question:** What method could you implement to generate a realistic set of distances for $n$ customers?\n",
    "\n",
    "**Exercice:** Implement the method proposed above and test it."
   ]
  },
  {
   "cell_type": "code",
   "execution_count": 5,
   "metadata": {},
   "outputs": [
    {
     "name": "stdout",
     "output_type": "stream",
     "text": [
      "[[0.         0.33030624 0.25995964 0.46441394 0.20134656 0.1149342\n",
      "  0.18567405 0.43447222 0.44862679 0.52538693 0.60929241 0.38106405\n",
      "  0.53176709 0.64470466 0.17926591 0.27022562 0.72139056 0.40558447\n",
      "  0.38371281 0.37204295]\n",
      " [0.33030624 0.         0.27317105 0.70512244 0.13024637 0.24498447\n",
      "  0.15712815 0.33456069 0.65674924 0.28985672 0.36167859 0.05115557\n",
      "  0.37783887 0.86614749 0.22342505 0.55914267 0.54810788 0.73144248\n",
      "  0.30563207 0.44160076]\n",
      " [0.25995964 0.27317105 0.         0.72424291 0.22808174 0.28129757\n",
      "  0.256028   0.55477428 0.70475155 0.55859005 0.63377971 0.31292991\n",
      "  0.62499108 0.90409352 0.32361897 0.52795394 0.80761521 0.56315001\n",
      "  0.51139621 0.57741925]\n",
      " [0.46441394 0.70512244 0.72424291 0.         0.59170064 0.47710554\n",
      "  0.55587444 0.545054   0.08194757 0.72726087 0.79433267 0.74465719\n",
      "  0.6381582  0.18154308 0.48195833 0.20960575 0.77151947 0.49192119\n",
      "  0.51557166 0.34110287]\n",
      " [0.20134656 0.13024637 0.22808174 0.59170064 0.         0.11831976\n",
      "  0.03773534 0.32682618 0.55107015 0.35501081 0.43662029 0.18031335\n",
      "  0.40144385 0.76005937 0.11788646 0.43320708 0.58819721 0.60541124\n",
      "  0.28342798 0.36969127]\n",
      " [0.1149342  0.24498447 0.28129757 0.47710554 0.11831976 0.\n",
      "  0.08797686 0.32464881 0.44179363 0.41102297 0.49492761 0.29268604\n",
      "  0.41903917 0.64910833 0.06538908 0.31506254 0.60917466 0.51383888\n",
      "  0.27440997 0.29811294]\n",
      " [0.18567405 0.15712815 0.256028   0.55587444 0.03773534 0.08797686\n",
      "  0.         0.30280802 0.51402242 0.35010224 0.43320446 0.20475538\n",
      "  0.38375001 0.72317903 0.08017038 0.40219811 0.57262962 0.59121063\n",
      "  0.25706423 0.33327793]\n",
      " [0.43447222 0.33456069 0.55477428 0.545054   0.32682618 0.32464881\n",
      "  0.30280802 0.         0.4711527  0.1877683  0.249307   0.33907748\n",
      "  0.10525371 0.65914824 0.25987112 0.5009662  0.28871874 0.79681561\n",
      "  0.05083197 0.2045745 ]\n",
      " [0.44862679 0.65674924 0.70475155 0.08194757 0.55107015 0.44179363\n",
      "  0.51402242 0.4711527  0.         0.65588773 0.72024185 0.69310148\n",
      "  0.56125832 0.20953646 0.43649447 0.22567122 0.69041956 0.54198718\n",
      "  0.44499989 0.26659023]\n",
      " [0.52538693 0.28985672 0.55859005 0.72726087 0.35501081 0.41102297\n",
      "  0.35010224 0.1877683  0.65588773 0.         0.08391044 0.26520709\n",
      "  0.13825214 0.84675871 0.35000883 0.65789488 0.26391917 0.92073917\n",
      "  0.21172185 0.38995697]\n",
      " [0.60929241 0.36167859 0.63377971 0.79433267 0.43662029 0.49492761\n",
      "  0.43320446 0.249307   0.72024185 0.08391044 0.         0.33036336\n",
      "  0.16852476 0.90416614 0.43372942 0.73615035 0.22179755 1.00410977\n",
      "  0.2825859  0.45377498]\n",
      " [0.38106405 0.05115557 0.31292991 0.74465719 0.18031335 0.29268604\n",
      "  0.20475538 0.33907748 0.69310148 0.26520709 0.33036336 0.\n",
      "  0.36811258 0.90191111 0.26542285 0.60519317 0.52809543 0.78259453\n",
      "  0.3170043  0.46700007]\n",
      " [0.53176709 0.37783887 0.62499108 0.6381582  0.40144385 0.41903917\n",
      "  0.38375001 0.10525371 0.56125832 0.13825214 0.16852476 0.36811258\n",
      "  0.         0.73870535 0.35365072 0.60544211 0.1903083  0.90135162\n",
      "  0.15355533 0.29783788]\n",
      " [0.64470466 0.86614749 0.90409352 0.18154308 0.76005937 0.64910833\n",
      "  0.72317903 0.65914824 0.20953646 0.84675871 0.90416614 0.90191111\n",
      "  0.73870535 0.         0.64597406 0.39004316 0.839825   0.63825592\n",
      "  0.64005291 0.45905144]\n",
      " [0.17926591 0.22342505 0.32361897 0.48195833 0.11788646 0.06538908\n",
      "  0.08017038 0.25987112 0.43649447 0.35000883 0.43372942 0.26542285\n",
      "  0.35365072 0.64597406 0.         0.34306749 0.54379091 0.57126754\n",
      "  0.20996095 0.2561453 ]\n",
      " [0.27022562 0.55914267 0.52795394 0.20960575 0.43320708 0.31506254\n",
      "  0.40219811 0.5009662  0.22567122 0.65789488 0.73615035 0.60519317\n",
      "  0.60544211 0.39004316 0.34306749 0.         0.77322391 0.33759538\n",
      "  0.45751886 0.32989688]\n",
      " [0.72139056 0.54810788 0.80761521 0.77151947 0.58819721 0.60917466\n",
      "  0.57262962 0.28871874 0.69041956 0.26391917 0.22179755 0.52809543\n",
      "  0.1903083  0.839825   0.54379091 0.77322391 0.         1.08258759\n",
      "  0.33936023 0.44760371]\n",
      " [0.40558447 0.73144248 0.56315001 0.49192119 0.60541124 0.51383888\n",
      "  0.59121063 0.79681561 0.54198718 0.92073917 1.00410977 0.78259453\n",
      "  0.90135162 0.63825592 0.57126754 0.33759538 1.08258759 0.\n",
      "  0.74781665 0.65612179]\n",
      " [0.38371281 0.30563207 0.51139621 0.51557166 0.28342798 0.27440997\n",
      "  0.25706423 0.05083197 0.44499989 0.21172185 0.2825859  0.3170043\n",
      "  0.15355533 0.64005291 0.20996095 0.45751886 0.33936023 0.74781665\n",
      "  0.         0.18102064]\n",
      " [0.37204295 0.44160076 0.57741925 0.34110287 0.36969127 0.29811294\n",
      "  0.33327793 0.2045745  0.26659023 0.38995697 0.45377498 0.46700007\n",
      "  0.29783788 0.45905144 0.2561453  0.32989688 0.44760371 0.65612179\n",
      "  0.18102064 0.        ]]\n",
      "Version identifier: 22.1.0.0 | 2022-03-25 | 54982fbec\n",
      "CPXPARAM_Read_DataCheck                          1\n",
      "Tried aggregator 1 time.\n",
      "MIP Presolve eliminated 40 rows and 40 columns.\n",
      "MIP Presolve modified 19 coefficients.\n",
      "Reduced MIP has 440 rows, 760 columns, and 2261 nonzeros.\n",
      "Reduced MIP has 399 binaries, 361 generals, 0 SOSs, and 0 indicators.\n",
      "Presolve time = 0.02 sec. (1.43 ticks)\n",
      "Probing changed sense of 19 constraints.\n",
      "Probing time = 0.00 sec. (3.14 ticks)\n",
      "Cover probing fixed 0 vars, tightened 342 bounds.\n",
      "Tried aggregator 1 time.\n",
      "Detecting symmetries...\n",
      "MIP Presolve eliminated 20 rows and 19 columns.\n",
      "MIP Presolve modified 342 coefficients.\n",
      "Reduced MIP has 420 rows, 741 columns, and 2204 nonzeros.\n",
      "Reduced MIP has 380 binaries, 361 generals, 0 SOSs, and 0 indicators.\n",
      "Presolve time = 0.01 sec. (2.44 ticks)\n",
      "Probing time = 0.00 sec. (2.65 ticks)\n",
      "Clique table members: 40.\n",
      "MIP emphasis: balance optimality and feasibility.\n",
      "MIP search method: dynamic search.\n",
      "Parallel mode: deterministic, using up to 16 threads.\n",
      "Root relaxation solution time = 0.02 sec. (4.34 ticks)\n",
      "\n",
      "        Nodes                                         Cuts/\n",
      "   Node  Left     Objective  IInf  Best Integer    Best Bound    ItCnt     Gap\n",
      "\n",
      "*     0+    0                            9.2224        0.0000           100.00%\n",
      "      0     0        3.1469    49        9.2224        3.1469      244   65.88%\n",
      "      0     0        3.2945    75        9.2224      Cuts: 71      319   64.28%\n",
      "*     0+    0                            3.6705        3.2945            10.24%\n",
      "      0     0        3.4532    83        3.6705      Cuts: 34      462    5.92%\n",
      "      0     0        3.5555    62        3.6705      Cuts: 40      592    3.13%\n",
      "*     0+    0                            3.6622        3.5555             2.91%\n",
      "*     0+    0                            3.6251        3.5555             1.92%\n",
      "      0     0  -1.00000e+75     0        3.6251        3.5555      592    1.92%\n",
      "Detecting symmetries...\n",
      "\n",
      "Repeating presolve.\n",
      "Tried aggregator 2 times.\n",
      "MIP Presolve eliminated 260 rows and 535 columns.\n",
      "MIP Presolve modified 4 coefficients.\n",
      "Aggregator did 30 substitutions.\n",
      "Reduced MIP has 130 rows, 176 columns, and 640 nonzeros.\n",
      "Reduced MIP has 75 binaries, 101 generals, 0 SOSs, and 0 indicators.\n",
      "Presolve time = 0.00 sec. (0.88 ticks)\n",
      "Probing fixed 2 vars, tightened 4 bounds.\n",
      "Probing time = 0.00 sec. (0.21 ticks)\n",
      "Tried aggregator 1 time.\n",
      "MIP Presolve eliminated 2 rows and 4 columns.\n",
      "MIP Presolve modified 3 coefficients.\n",
      "Reduced MIP has 128 rows, 172 columns, and 624 nonzeros.\n",
      "Reduced MIP has 73 binaries, 99 generals, 0 SOSs, and 0 indicators.\n",
      "Presolve time = 0.00 sec. (0.32 ticks)\n",
      "Probing time = 0.00 sec. (0.18 ticks)\n",
      "Tried aggregator 1 time.\n",
      "Detecting symmetries...\n",
      "Reduced MIP has 128 rows, 172 columns, and 624 nonzeros.\n",
      "Reduced MIP has 73 binaries, 99 generals, 0 SOSs, and 0 indicators.\n",
      "Presolve time = 0.00 sec. (0.40 ticks)\n",
      "Represolve time = 0.01 sec. (4.12 ticks)\n",
      "Probing time = 0.00 sec. (0.18 ticks)\n",
      "Clique table members: 45.\n",
      "MIP emphasis: balance optimality and feasibility.\n",
      "MIP search method: dynamic search.\n",
      "Parallel mode: deterministic, using up to 16 threads.\n",
      "Root relaxation solution time = 0.02 sec. (1.17 ticks)\n",
      "\n",
      "        Nodes                                         Cuts/\n",
      "   Node  Left     Objective  IInf  Best Integer    Best Bound    ItCnt     Gap\n",
      "\n",
      "*     0+    0                            3.6251        3.5555             1.92%\n",
      "      0     0        3.5555    52        3.6251        3.5555      749    1.92%\n",
      "*     0+    0                            3.5594        3.5555             0.11%\n",
      "      0     0        cutoff              3.5594        3.5594      784    0.00%\n"
     ]
    },
    {
     "name": "stdout",
     "output_type": "stream",
     "text": [
      "Elapsed time = 0.45 sec. (173.87 ticks, tree = 0.01 MB, solutions = 5)\n",
      "\n",
      "Cover cuts applied:  8\n",
      "Implied bound cuts applied:  17\n",
      "Flow cuts applied:  10\n",
      "Mixed integer rounding cuts applied:  2\n",
      "Zero-half cuts applied:  1\n",
      "Multi commodity flow cuts applied:  1\n",
      "Lift and project cuts applied:  5\n",
      "Gomory fractional cuts applied:  1\n",
      "\n",
      "Root node processing (before b&c):\n",
      "  Real time             =    0.45 sec. (173.92 ticks)\n",
      "Parallel b&c, 16 threads:\n",
      "  Real time             =    0.00 sec. (0.00 ticks)\n",
      "  Sync time (average)   =    0.00 sec.\n",
      "  Wait time (average)   =    0.00 sec.\n",
      "                          ------------\n",
      "Total (root+branch&cut) =    0.45 sec. (173.92 ticks)\n",
      "z* = 3.5594223922990573\n"
     ]
    }
   ],
   "source": [
    "import numpy as np\n",
    "import scipy.spatial.distance as sc\n",
    "\n",
    "def generate_distances(n: int):\n",
    "    coords = np.random.rand(n, 2) #2 est le nombre de dimensions du pb\n",
    "    return sc.cdist(coords, coords, metric='euclidean') #librairie qui permet d'avoir une matrice symétrique\n",
    "\n",
    "\n",
    "from docplex.mp.model import Model\n",
    "\n",
    "distances = generate_distances(20)\n",
    "#distances = generate_distances(50)\n",
    "print(distances)\n",
    "\n",
    "N = len(distances)\n",
    "\n",
    "tsp = Model(\"TSP\")\n",
    "tsp.log_output = True\n",
    "\n",
    "# TODO: Copy your model from the first question here.\n",
    "#Variables\n",
    "x = [tsp.binary_var_list(N,name=f'x{i}_') for i in range(N)]\n",
    "y = [tsp.integer_var_list(N,name=f'y{i}_') for i in range(N)]\n",
    "\n",
    "#Objective\n",
    "#tsp.minimize(sum(tsp.dot(distances[i][j], x[i][j]) for i in range(N) for j in range(N)))\n",
    "mySum = 0\n",
    "for i in range(N):\n",
    "    for j in range(N):\n",
    "        mySum += distances[i][j]*x[i][j]\n",
    "tsp.minimize(mySum)\n",
    "\n",
    "#Constraints\n",
    "#Constraints on variable x & t\n",
    "for i in range(N) :\n",
    "    tsp.add_constraint(sum(x[i][j] for j in range(N) if i!=j) == 1)\n",
    "    \n",
    "for j in range(N) :\n",
    "    tsp.add_constraint(sum(x[i][j] for i in range(N) if i!=j) == 1)\n",
    "    \n",
    "for i in range(N):\n",
    "    tsp.add_constraint(x[i][i] == 0)\n",
    "\n",
    "#Constraints on variable y    \n",
    "tsp.add_constraint(sum(y[0][j] for j in range(N)) == 1)\n",
    "\n",
    "for i in range(1,N):\n",
    "    tsp.add_constraint(sum(y[i][j] for j in range(N)) == sum(y[j][i] for j in range(N))+ 1)\n",
    "\n",
    "for i in range(N):\n",
    "    tsp.add_constraints([y[i][j] <= (N * x[i][j]) for j in range(N)])\n",
    "\n",
    "solution = tsp.solve()\n",
    "print(\"z* =\", solution.objective_value)"
   ]
  },
  {
   "cell_type": "markdown",
   "metadata": {},
   "source": [
    "## 3. Solving Warehouse Allocation using Benders decomposition with `docplex`\n",
    "\n",
    "### 3.1. The warehouse problem\n",
    "\n",
    "A company needs to supply a set of $n$ clients and needs to open new warehouses (from a\n",
    "set of $m$ possible warehouses).\n",
    "Opening a warehouse $j$ costs $f_j$ and supplying a client $i$ from a warehouse $j$ costs $c_{ij}$ per supply unit.\n",
    "Which warehouses should be opened in order to satisfy all clients while minimizing the total cost?\n",
    "\n",
    "### 3.2. Solving the warehouse problem with a single ILP\n",
    "\n",
    "- $y_{j} = 1$ if and only if warehouse $j$ is opened.\n",
    "- $x_{ij}$ is the fraction supplied from warehouse $j$ to customer $i$.\n",
    "\n",
    "$\n",
    "\\begin{align}\n",
    "  \\text{min.} \\quad & \\sum_{i=1}^{n} \\sum_{j=1}^{m} c_{ij} x_{ij} + \\sum_{j=1}^{m} f_{j} y_{j} & \\\\\n",
    "  \\text{s.t.} \\quad & \\sum_{j=1}^{m} x_{ij} = 1, & \\forall i \\in\\{1,\\ldots,n\\}\\\\\n",
    "                    & x_{ij} \\leq y_{j}, & \\forall i\\in\\{1,\\ldots,n\\},\\forall j\\in\\{1,\\ldots,m\\}\\\\\n",
    "                    & y_{j} \\in \\left\\{0,~1\\right\\}, & \\forall j \\in \\left\\{1,~\\ldots,~m\\right\\}\\\\\n",
    "                    & x_{ij} \\geq 0, & \\forall i \\in \\left\\{1,~\\ldots,~n\\right\\}, \\forall j \\in \\left\\{1,~\\ldots,~m\\right\\}\n",
    "\\end{align}\n",
    "$\n",
    "\n",
    "\n",
    "**Exercice:** Implement the ILP model for the warehouse allocation problem and test it on the given instance."
   ]
  },
  {
   "cell_type": "code",
   "execution_count": 6,
   "metadata": {},
   "outputs": [
    {
     "name": "stdout",
     "output_type": "stream",
     "text": [
      "Version identifier: 22.1.0.0 | 2022-03-25 | 54982fbec\n",
      "CPXPARAM_Read_DataCheck                          1\n",
      "Found incumbent of value 40.000000 after 0.00 sec. (0.00 ticks)\n",
      "Tried aggregator 1 time.\n",
      "MIP Presolve eliminated 9 rows and 0 columns.\n",
      "Reduced MIP has 12 rows, 12 columns, and 27 nonzeros.\n",
      "Reduced MIP has 12 binaries, 0 generals, 0 SOSs, and 0 indicators.\n",
      "Presolve time = 0.00 sec. (0.02 ticks)\n",
      "Probing time = 0.00 sec. (0.00 ticks)\n",
      "Tried aggregator 1 time.\n",
      "Detecting symmetries...\n",
      "Reduced MIP has 12 rows, 12 columns, and 27 nonzeros.\n",
      "Reduced MIP has 12 binaries, 0 generals, 0 SOSs, and 0 indicators.\n",
      "Presolve time = 0.00 sec. (0.02 ticks)\n",
      "Probing time = 0.00 sec. (0.00 ticks)\n",
      "Clique table members: 12.\n",
      "MIP emphasis: balance optimality and feasibility.\n",
      "MIP search method: dynamic search.\n",
      "Parallel mode: deterministic, using up to 16 threads.\n",
      "Root relaxation solution time = 0.00 sec. (0.02 ticks)\n",
      "\n",
      "        Nodes                                         Cuts/\n",
      "   Node  Left     Objective  IInf  Best Integer    Best Bound    ItCnt     Gap\n",
      "\n",
      "*     0+    0                           40.0000        0.0000           100.00%\n",
      "*     0+    0                           38.0000        0.0000           100.00%\n",
      "      0     0       36.0000     9       38.0000       36.0000        7    5.26%\n",
      "      0     0        cutoff             38.0000                      7    0.00%\n",
      "Elapsed time = 0.01 sec. (0.11 ticks, tree = 0.01 MB, solutions = 2)\n",
      "\n",
      "Root node processing (before b&c):\n",
      "  Real time             =    0.01 sec. (0.11 ticks)\n",
      "Parallel b&c, 16 threads:\n",
      "  Real time             =    0.00 sec. (0.00 ticks)\n",
      "  Sync time (average)   =    0.00 sec.\n",
      "  Wait time (average)   =    0.00 sec.\n",
      "                          ------------\n",
      "Total (root+branch&cut) =    0.01 sec. (0.11 ticks)\n",
      "z* = 38.0\n"
     ]
    }
   ],
   "source": [
    "from docplex.mp.model import Model\n",
    "\n",
    "# We will start with a small instances with 3 warehouses and 3 clients:\n",
    "N = 3\n",
    "M = 3\n",
    "\n",
    "# Opening and distribution costs:\n",
    "f = [20, 20, 20]\n",
    "c = [[15, 1, 2], [1, 16, 3], [4, 1, 17]]\n",
    "\n",
    "wa = Model(\"Warehouse Allocation\")\n",
    "wa.log_output = True\n",
    "\n",
    "# TODO: Model for the warehouse allocation.\n",
    "\n",
    "#Variables\n",
    "x = [wa.integer_var_list(M,name=f'x{i}_') for i in range(N)]\n",
    "y = wa.binary_var_list(M,name=f'y_')\n",
    "\n",
    "#Objective\n",
    "wa.minimize(sum(c[i][j]*x[i][j] for i in range(N) for j in range(M)) + sum(f[j]*y[j] for j in range(M)))\n",
    "\n",
    "#Constraints\n",
    "for i in range(N):\n",
    "    wa.add_constraint(sum(x[i][j] for j in range(M)) == 1)\n",
    "\n",
    "for i in range(N):\n",
    "    for j in range(M):\n",
    "        wa.add_constraint(x[i][j] <= y[j])\n",
    "    \n",
    "\"\"\"for j in range(M):\n",
    "    wa.add_constraint(y[j] >= 0)\n",
    "    wa.add_constraint(y[i] <= 1)\"\"\"\n",
    "#inutile car y est une liste binaire\n",
    "    \n",
    "for i in range (N):\n",
    "    for j in range(M):\n",
    "        wa.add_constraint(x[i][j] >= 0)\n",
    "\n",
    "solution = wa.solve()\n",
    "print(\"z* =\", solution.objective_value)"
   ]
  },
  {
   "cell_type": "markdown",
   "metadata": {},
   "source": [
    "### 3.3. Benders' decomposition for the Warehouse Allocation problem\n",
    "\n",
    "We are going to use Benders' decomposition to solve the Warehouse Allocation problem. \n",
    "\n",
    "#### Dual subproblem\n",
    "\n",
    "$\n",
    "\\begin{align*}\n",
    "\\text{max.} \\quad & \\sum_{i=1}^{n} v_{i} - \\sum_{i=1}^{n}\\sum_{j=1}^{m} \\bar{y}_{j} u_{ij} & \\\\\n",
    "\\text{s.t.} \\quad & v_{i} - u_{ij} \\leq c_{ij}, & \\forall i\\in\\{1,\\ldots,n\\},\\forall j\\in\\{1,\\ldots,m\\}\\\\\n",
    "                  & v_{i} \\in\\mathbb{R},\\ u_{ij} \\geq 0 & \\forall i \\in\\{1,\\ldots,n\\}, \\forall j\\in\\{1,\\ldots,m\\}\n",
    "\\end{align*}\n",
    "$\n",
    "\n",
    "#### Master problem\n",
    "\n",
    "$\n",
    "\\begin{align*}\n",
    "  \\text{min.} \\quad & \\sum_{j=1}^{m} f_j y_j + z & \\\\\n",
    "  \\text{s.t.} \\quad & z \\geq \\sum_{i=1}^{n}v_i^p - \\sum_{i=1}^{n} \\sum_{j=1}^{m} u_{ij}^p y_j, & \\forall p\\in l_1\\\\\n",
    "                    & 0 \\geq \\sum_{i=1}^{n}v_i^r - \\sum_{i=1}^{n} \\sum_{j=1}^{n} u_{ij}^r y_j, & \\forall r\\in l_2\\\\\n",
    "                    & y_{j} \\in\\{0,1\\}, & \\forall j\\in\\{1,\\ldots,m\\}\n",
    "\\end{align*}\n",
    "$"
   ]
  },
  {
   "cell_type": "markdown",
   "metadata": {},
   "source": [
    "**Exercice:** Implement the method `create_master_problem` that creates the initial master problem (without feasibility or optimality constraints) for the warehouse allocation problem.\n",
    "\n",
    "<div class=\"alert alert-info alert-block\">\n",
    "\n",
    "You can use `print(m.export_as_lp_string())` to display a textual representation of a `docplex` model `m`.\n",
    "    \n",
    "</div>"
   ]
  },
  {
   "cell_type": "code",
   "execution_count": 116,
   "metadata": {},
   "outputs": [
    {
     "name": "stdout",
     "output_type": "stream",
     "text": [
      "\\ This file has been generated by DOcplex\n",
      "\\ ENCODING=ISO-8859-1\n",
      "\\Problem name: Warehouse Allocation - Benders master problem\n",
      "\n",
      "Minimize\n",
      " obj: 20 y__0 + 20 y__1 + 20 y__2 + z\n",
      "Subject To\n",
      "\n",
      "Bounds\n",
      " 0 <= y__0 <= 1\n",
      " 0 <= y__1 <= 1\n",
      " 0 <= y__2 <= 1\n",
      "\n",
      "Binaries\n",
      " y__0 y__1 y__2\n",
      "End\n",
      "\n"
     ]
    }
   ],
   "source": [
    "from docplex.mp.model import Model\n",
    "from docplex.mp.linear import Var\n",
    "from docplex.mp.constr import AbstractConstraint\n",
    "from typing import List, Sequence, Tuple\n",
    "\n",
    "\n",
    "def create_master_problem(\n",
    "    N: int, M: int, f: Sequence[float], c: Sequence[Sequence[float]]\n",
    ") -> Tuple[Model, Var, Sequence[Var]]:\n",
    "    \"\"\"\n",
    "    Creates the initial Benders master problem for the Warehouse Allocation problem.\n",
    "\n",
    "    Args:\n",
    "        N: Number of clients.\n",
    "        M: Number of warehouses.\n",
    "        f: Array-like containing costs of opening warehouses.\n",
    "        c: 2D-array like containing transport costs from client to warehouses.\n",
    "\n",
    "    Returns:\n",
    "        A 3-tuple containing the docplex problem, the z variable and the y variables.\n",
    "    \"\"\"\n",
    "\n",
    "    wa = Model(\"Warehouse Allocation - Benders master problem\")\n",
    "\n",
    "    #Master problem\n",
    "    #variables\n",
    "    #u = [wa.integer_var_list(M,name=f'u{i}_') for i in range(N)]\n",
    "    #v = wa.integer_var_list(N,name=f'v_')\n",
    "    y = wa.binary_var_list(M,name=f'y_')\n",
    "    \n",
    "    z = wa.continuous_var(name='z')\n",
    "    \n",
    "    #Objective\n",
    "    wa.minimize(sum(f[j]*y[j] for j in range(M)) + z)\n",
    "    \n",
    "\n",
    "    return wa, z, y\n",
    "\n",
    "\n",
    "# Check your method:\n",
    "wa, z, y = create_master_problem(N, M, f, c)\n",
    "print(wa.export_as_lp_string())"
   ]
  },
  {
   "cell_type": "markdown",
   "metadata": {},
   "source": [
    "**Exercice:** Implement the method `add_optimality_constraints` that add optimality constraints to the Benders master problem. "
   ]
  },
  {
   "cell_type": "code",
   "execution_count": 25,
   "metadata": {},
   "outputs": [],
   "source": [
    "def add_optimality_constraint(\n",
    "    N: int,\n",
    "    M: int,\n",
    "    wa: Model,\n",
    "    z: Var,\n",
    "    y: Sequence[Var],\n",
    "    v: Sequence[float],\n",
    "    u: Sequence[Sequence[float]],\n",
    ") -> List[AbstractConstraint]:\n",
    "    \"\"\"\n",
    "    Adds an optimality constraints to the given Warehouse Allocation model\n",
    "    using the given optimal values from the Benders dual subproblem.\n",
    "\n",
    "    Args:\n",
    "        N: Number of clients.\n",
    "        M: Number of warehouses.\n",
    "        wa: The Benders master problem (docplex.mp.model.Model).\n",
    "        z: The z variable of the master problem.\n",
    "        y: The y variables of the master problem.\n",
    "        v: The optimal values for the v variables of the Benders dual subproblem.\n",
    "        u: The optimal values for the u variables of the Benders dual subproblem.\n",
    "\n",
    "    Return: The optimality constraint added.\n",
    "    \"\"\"\n",
    "    optimality_constraint = wa.add_constraint((sum(v[i] for i in range(N))-sum(u[i][j]*y[j] for i in range(N) for j in range(M))) <= z)\n",
    "    \n",
    "    return optimality_constraint\n"
   ]
  },
  {
   "cell_type": "markdown",
   "metadata": {},
   "source": [
    "**Exercice:** Implement the method `add_feasibility_constraints` that add feasibility constraints to the Benders master problem. "
   ]
  },
  {
   "cell_type": "code",
   "execution_count": 27,
   "metadata": {},
   "outputs": [],
   "source": [
    "def add_feasibility_constraints(\n",
    "    N: int,\n",
    "    M: int,\n",
    "    wa: Model,\n",
    "    z: Var,\n",
    "    y: Sequence[Var],\n",
    "    v: Sequence[float],\n",
    "    u: Sequence[Sequence[float]],\n",
    ") -> List[AbstractConstraint]:\n",
    "    \"\"\"\n",
    "    Adds an optimality constraints to the given Warehouse Allocation model\n",
    "    using the given optimal values from the Benders dual subproblem.\n",
    "\n",
    "    Args:\n",
    "      - N: Number of clients.\n",
    "      - M: Number of warehouses.\n",
    "      - wa: The Benders master problem (docplex.mp.model.Model).\n",
    "      - z: The z variable of the master problem.\n",
    "      - y: The y variables of the master problem.\n",
    "      - v: The extreme rays for the v variables of the Benders dual subproblem.\n",
    "      - u: The extreme rays for the u variables of the Benders dual subproblem.\n",
    "\n",
    "    Returns:\n",
    "        The feasibility constraint added.\n",
    "    \"\"\"\n",
    "    feasibility_constraint = wa.add_constraint((sum(v[i] for i in range(N))-sum(u[i][j]*y[j] for i in range(N) for j in range(M))) <= 0)\n",
    "    \n",
    "    return feasibility_constraint\n",
    "\n"
   ]
  },
  {
   "cell_type": "markdown",
   "metadata": {},
   "source": [
    "**Exercice:** Implement the method `create_dual_subproblem` that, given a solution `y` of the master problem, create the corresponding Benders dual subproblem.\n",
    "\n",
    "$\n",
    "\\begin{align*}\n",
    "\\text{max.} \\quad & \\sum_{i=1}^{n} v_{i} - \\sum_{i=1}^{n}\\sum_{j=1}^{m} \\bar{y}_{j} u_{ij} & \\\\\n",
    "\\text{s.t.} \\quad & v_{i} - u_{ij} \\leq c_{ij}, & \\forall i\\in\\{1,\\ldots,n\\},\\forall j\\in\\{1,\\ldots,m\\}\\\\\n",
    "                  & v_{i} \\in\\mathbb{R},\\ u_{ij} \\geq 0 & \\forall i \\in\\{1,\\ldots,n\\}, \\forall j\\in\\{1,\\ldots,m\\}\n",
    "\\end{align*}\n",
    "$"
   ]
  },
  {
   "cell_type": "code",
   "execution_count": 136,
   "metadata": {},
   "outputs": [
    {
     "name": "stdout",
     "output_type": "stream",
     "text": [
      "\\ This file has been generated by DOcplex\n",
      "\\ ENCODING=ISO-8859-1\n",
      "\\Problem name: Warehouse Allocation - Benders dual subproblem\n",
      "\n",
      "Maximize\n",
      " obj: - u0__0 - u0__1 - u0__2 - u1__0 - u1__1 - u1__2 - u2__0 - u2__1 - u2__2\n",
      "      + v__0 + v__1 + v__2\n",
      "Subject To\n",
      " c1: - u0__0 + v__0 <= 15\n",
      " c2: u0__0 >= 0\n",
      " c3: - u0__1 + v__0 <= 1\n",
      " c4: u0__1 >= 0\n",
      " c5: - u0__2 + v__0 <= 2\n",
      " c6: u0__2 >= 0\n",
      " c7: - u1__0 + v__1 <= 1\n",
      " c8: u1__0 >= 0\n",
      " c9: - u1__1 + v__1 <= 16\n",
      " c10: u1__1 >= 0\n",
      " c11: - u1__2 + v__1 <= 3\n",
      " c12: u1__2 >= 0\n",
      " c13: - u2__0 + v__2 <= 4\n",
      " c14: u2__0 >= 0\n",
      " c15: - u2__1 + v__2 <= 1\n",
      " c16: u2__1 >= 0\n",
      " c17: - u2__2 + v__2 <= 17\n",
      " c18: u2__2 >= 0\n",
      "\n",
      "Bounds\n",
      "\n",
      "Generals\n",
      " u0__0 u0__1 u0__2 u1__0 u1__1 u1__2 u2__0 u2__1 u2__2\n",
      "End\n",
      "\n"
     ]
    }
   ],
   "source": [
    "from docplex.mp.model import Model\n",
    "\n",
    "\n",
    "def create_dual_subproblem(\n",
    "    N: int, M: int, f: Sequence[float], c: Sequence[Sequence[float]], y: Sequence[int]\n",
    ") -> Tuple[Model, Sequence[Var], Sequence[Sequence[Var]]]:\n",
    "    \"\"\"\n",
    "    Creates a Benders dual subproblem for the Warehouse Allocation problem corresponding\n",
    "    to the given master solution.\n",
    "\n",
    "    Args:\n",
    "        N: Number of clients.\n",
    "        M: Number of warehouses.\n",
    "        f: Array-like containing costs of opening warehouses.\n",
    "        c: 2D-array like containing transport costs from client to warehouses.\n",
    "        y: Values of the y variables from the Benders master problem.\n",
    "\n",
    "    Returns:\n",
    "        A 3-tuple containing the docplex problem, the v variable and the u variables.\n",
    "    \"\"\"\n",
    "\n",
    "    dsp = Model(\"Warehouse Allocation - Benders dual subproblem\")\n",
    "\n",
    "    # We disable pre-solve to be able to retrieve a meaningful status in the main\n",
    "    # algorithm:\n",
    "    dsp.parameters.preprocessing.presolve.set(0)\n",
    "\n",
    "    #dual subproblem\n",
    "    #variables\n",
    "    u = [dsp.integer_var_list(M,name=f'u{i}_') for i in range(N)]\n",
    "    v = dsp.continuous_var_list(N,name=f'v_')\n",
    "    \n",
    "    #Objective\n",
    "    dsp.maximize(sum(v[i] for i in range(N)) - sum(y[j]*u[i][j] for i in range(N) for j in range(M)))\n",
    "    \n",
    "\n",
    "    #Constraints\n",
    "    for i in range(N):\n",
    "        for j in range(M):\n",
    "            dsp.add_constraint(v[i] - u[i][j] <= c[i][j])\n",
    "            dsp.add_constraint(u[i][j] >= 0 )\n",
    "\n",
    "    return dsp, v, u\n",
    "\n",
    "\n",
    "# Check your method (assuming y = [1 1 1 ... 1]):\n",
    "dsp, v, u = create_dual_subproblem(N, M, f, c, [1] * M)\n",
    "print(dsp.export_as_lp_string())"
   ]
  },
  {
   "cell_type": "markdown",
   "metadata": {},
   "source": [
    "**Exercice:** Using the methods you implemented, write the Benders decomposition algorithm for the warehouse allocation problem.\n",
    "\n",
    "<div class=\"alert alert-block alert-info\">\n",
    "\n",
    "The `get_extreme_rays` function can be used to retrieve the extreme rays associated with an unbounded solution of the dual subproblem.\n",
    "    \n",
    "</div>\n",
    "\n",
    "<div class=\"alert alert-block alert-info\">\n",
    "    \n",
    "You can use `model.get_solve_status()` to obtain the status of the resolution and compare it to members of `JobSolveStatus`:\n",
    "    \n",
    "```python\n",
    "if model.get_solve_status() == JobSolveStatus.OPTIMAL_SOLUTION:\n",
    "    pass\n",
    "```\n",
    "    \n",
    "</div>"
   ]
  },
  {
   "cell_type": "code",
   "execution_count": 158,
   "metadata": {},
   "outputs": [
    {
     "name": "stdout",
     "output_type": "stream",
     "text": [
      "Iteration 1\n",
      "JobSolveStatus.UNBOUNDED_SOLUTION\n"
     ]
    },
    {
     "ename": "CplexSolverError",
     "evalue": "CPLEX Error  1254: Unbounded solution required.",
     "output_type": "error",
     "traceback": [
      "\u001b[1;31m---------------------------------------------------------------------------\u001b[0m",
      "\u001b[1;31mCplexSolverError\u001b[0m                          Traceback (most recent call last)",
      "\u001b[1;32m~\\AppData\\Local\\Temp/ipykernel_21728/4193215927.py\u001b[0m in \u001b[0;36m<module>\u001b[1;34m\u001b[0m\n\u001b[0;32m     83\u001b[0m     \u001b[1;32melse\u001b[0m \u001b[1;33m:\u001b[0m\u001b[1;33m\u001b[0m\u001b[1;33m\u001b[0m\u001b[0m\n\u001b[0;32m     84\u001b[0m         \u001b[0mprint\u001b[0m\u001b[1;33m(\u001b[0m\u001b[0mdsp\u001b[0m\u001b[1;33m.\u001b[0m\u001b[0mget_solve_status\u001b[0m\u001b[1;33m(\u001b[0m\u001b[1;33m)\u001b[0m\u001b[1;33m)\u001b[0m\u001b[1;33m\u001b[0m\u001b[1;33m\u001b[0m\u001b[0m\n\u001b[1;32m---> 85\u001b[1;33m         \u001b[0mray_v\u001b[0m\u001b[1;33m,\u001b[0m \u001b[0mray_u\u001b[0m \u001b[1;33m=\u001b[0m \u001b[0mget_extreme_rays\u001b[0m\u001b[1;33m(\u001b[0m\u001b[0mN\u001b[0m\u001b[1;33m,\u001b[0m\u001b[0mM\u001b[0m\u001b[1;33m,\u001b[0m\u001b[0mdsp\u001b[0m\u001b[1;33m,\u001b[0m\u001b[0mv\u001b[0m\u001b[1;33m,\u001b[0m\u001b[0mu\u001b[0m\u001b[1;33m)\u001b[0m\u001b[1;33m\u001b[0m\u001b[1;33m\u001b[0m\u001b[0m\n\u001b[0m\u001b[0;32m     86\u001b[0m         \u001b[0madd_feasibility_constraints\u001b[0m\u001b[1;33m(\u001b[0m\u001b[0mN\u001b[0m\u001b[1;33m,\u001b[0m\u001b[0mM\u001b[0m\u001b[1;33m,\u001b[0m\u001b[0mwa\u001b[0m\u001b[1;33m,\u001b[0m\u001b[0msol_master\u001b[0m\u001b[1;33m.\u001b[0m\u001b[0mget_value\u001b[0m\u001b[1;33m(\u001b[0m\u001b[0mz\u001b[0m\u001b[1;33m)\u001b[0m\u001b[1;33m,\u001b[0m\u001b[0msol_master\u001b[0m\u001b[1;33m.\u001b[0m\u001b[0mget_values\u001b[0m\u001b[1;33m(\u001b[0m\u001b[0my\u001b[0m\u001b[1;33m)\u001b[0m\u001b[1;33m,\u001b[0m\u001b[0mray_v\u001b[0m\u001b[1;33m,\u001b[0m\u001b[0mray_u\u001b[0m\u001b[1;33m)\u001b[0m\u001b[1;33m\u001b[0m\u001b[1;33m\u001b[0m\u001b[0m\n\u001b[0;32m     87\u001b[0m \u001b[1;33m\u001b[0m\u001b[0m\n",
      "\u001b[1;32m~\\AppData\\Local\\Temp/ipykernel_21728/4193215927.py\u001b[0m in \u001b[0;36mget_extreme_rays\u001b[1;34m(N, M, model, v, u)\u001b[0m\n\u001b[0;32m     21\u001b[0m         \u001b[1;32mand\u001b[0m \u001b[0mthe\u001b[0m \u001b[1;36m2\u001b[0m\u001b[0mD\u001b[0m\u001b[1;33m-\u001b[0m\u001b[0mlist\u001b[0m \u001b[0mof\u001b[0m \u001b[0mextreme\u001b[0m \u001b[0mrays\u001b[0m \u001b[0mcorresponding\u001b[0m \u001b[0mto\u001b[0m \u001b[0mu\u001b[0m\u001b[1;33m.\u001b[0m\u001b[1;33m\u001b[0m\u001b[1;33m\u001b[0m\u001b[0m\n\u001b[0;32m     22\u001b[0m     \"\"\"\n\u001b[1;32m---> 23\u001b[1;33m     \u001b[0mray\u001b[0m \u001b[1;33m=\u001b[0m \u001b[0mmodel\u001b[0m\u001b[1;33m.\u001b[0m\u001b[0mget_engine\u001b[0m\u001b[1;33m(\u001b[0m\u001b[1;33m)\u001b[0m\u001b[1;33m.\u001b[0m\u001b[0mget_cplex\u001b[0m\u001b[1;33m(\u001b[0m\u001b[1;33m)\u001b[0m\u001b[1;33m.\u001b[0m\u001b[0msolution\u001b[0m\u001b[1;33m.\u001b[0m\u001b[0madvanced\u001b[0m\u001b[1;33m.\u001b[0m\u001b[0mget_ray\u001b[0m\u001b[1;33m(\u001b[0m\u001b[1;33m)\u001b[0m\u001b[1;33m\u001b[0m\u001b[1;33m\u001b[0m\u001b[0m\n\u001b[0m\u001b[0;32m     24\u001b[0m \u001b[1;33m\u001b[0m\u001b[0m\n\u001b[0;32m     25\u001b[0m     \u001b[1;32mif\u001b[0m \u001b[0misinstance\u001b[0m\u001b[1;33m(\u001b[0m\u001b[0mu\u001b[0m\u001b[1;33m,\u001b[0m \u001b[0mdict\u001b[0m\u001b[1;33m)\u001b[0m\u001b[1;33m:\u001b[0m\u001b[1;33m\u001b[0m\u001b[1;33m\u001b[0m\u001b[0m\n",
      "\u001b[1;32m~\\anaconda3\\lib\\site-packages\\cplex\\_internal\\_subinterfaces.py\u001b[0m in \u001b[0;36mget_ray\u001b[1;34m(self)\u001b[0m\n\u001b[0;32m   6997\u001b[0m         \u001b[1;33m-\u001b[0m\u001b[1;36m1.0\u001b[0m\u001b[1;33m\u001b[0m\u001b[1;33m\u001b[0m\u001b[0m\n\u001b[0;32m   6998\u001b[0m         \"\"\"\n\u001b[1;32m-> 6999\u001b[1;33m         \u001b[1;32mreturn\u001b[0m \u001b[0mCPX_PROC\u001b[0m\u001b[1;33m.\u001b[0m\u001b[0mgetray\u001b[0m\u001b[1;33m(\u001b[0m\u001b[0mself\u001b[0m\u001b[1;33m.\u001b[0m\u001b[0m_env\u001b[0m\u001b[1;33m.\u001b[0m\u001b[0m_e\u001b[0m\u001b[1;33m,\u001b[0m \u001b[0mself\u001b[0m\u001b[1;33m.\u001b[0m\u001b[0m_cplex\u001b[0m\u001b[1;33m.\u001b[0m\u001b[0m_lp\u001b[0m\u001b[1;33m)\u001b[0m\u001b[1;33m\u001b[0m\u001b[1;33m\u001b[0m\u001b[0m\n\u001b[0m\u001b[0;32m   7000\u001b[0m \u001b[1;33m\u001b[0m\u001b[0m\n\u001b[0;32m   7001\u001b[0m \u001b[1;33m\u001b[0m\u001b[0m\n",
