{
 "cells": [
  {
   "cell_type": "markdown",
   "metadata": {},
   "source": [
    "# TP2 - Modeling using docplex"
   ]
  },
  {
   "cell_type": "markdown",
   "metadata": {},
   "source": [
    "## 1. The `docplex` python package\n",
    "\n",
    "`DOcplex` is a python package developped by IBM &mdash; It provides easy-to-use API for IBM solvers Cplex and Cpoptimizer.\n",
    "\n",
    "DOcplex documentation for mathematical programming can be found here: http://ibmdecisionoptimization.github.io/docplex-doc/#mathematical-programming-modeling-for-python-using-docplex-mp-docplex-mp"
   ]
  },
  {
   "cell_type": "markdown",
   "metadata": {},
   "source": [
    "## 2. Solving TSP using `docplex`\n",
    "\n",
    "### 2.1. TSP model using `docplex`\n",
    "\n",
    "**Exercice:** Using `docplex`, create a model for the travelling salesman problem using the MTZ or Flow formulation and compare them."
   ]
  },
  {
   "cell_type": "code",
   "execution_count": 1,
   "metadata": {},
   "outputs": [],
   "source": [
    "#!pip install cplex"
   ]
  },
  {
   "cell_type": "code",
   "execution_count": 2,
   "metadata": {
    "scrolled": false
   },
   "outputs": [
    {
     "name": "stdout",
     "output_type": "stream",
     "text": [
      "Flow : z* = 2085.0\n"
     ]
    }
   ],
   "source": [
    "from docplex.mp.model import Model\n",
    "import tsp.data as data\n",
    "import numpy as np\n",
    "\n",
    "\n",
    "#distances = data.grid42\n",
    "distances = data.grid17\n",
    "N = len(distances)\n",
    "\n",
    "tsp_flow = Model(\"TSP Flow\")\n",
    "tsp_flow.log_output = False\n",
    "\n",
    "tsp_mtz = Model(\"TSP MTZ\")\n",
    "tsp_mtz.log_output = True\n",
    "\n",
    "#Variables\n",
    "x = [tsp_flow.binary_var_list(N,name=f'x{i}_') for i in range(N)]\n",
    "y = [tsp_flow.integer_var_list(N,name=f'y{i}_') for i in range(N)]\n",
    "\n",
    "t = [tsp_mtz.binary_var_list(N,name=f't{i}_') for i in range(N)]\n",
    "u = tsp_mtz.integer_var_list(N,name=f'u_')\n",
    "\n",
    "#Objective\n",
    "#tsp.minimize(sum(tsp.dot(distances[i][j], x[i][j]) for i in range(N) for j in range(N)))\n",
    "mySum = 0\n",
    "for i in range(N):\n",
    "    for j in range(N):\n",
    "        mySum += distances[i][j]*x[i][j]\n",
    "tsp_flow.minimize(mySum)\n",
    "\n",
    "mySum = 0\n",
    "for i in range(N):\n",
    "    for j in range(N):\n",
    "        mySum += distances[i][j]*t[i][j]\n",
    "tsp_mtz.minimize(mySum)\n",
    "\n",
    "#Constraints\n",
    "#Constraints on variable x & t\n",
    "for i in range(N) :\n",
    "    tsp_flow.add_constraint(sum(x[i][j] for j in range(N) if i!=j) == 1)\n",
    "    tsp_mtz.add_constraint(sum(t[i][j] for j in range(N) if i!=j) == 1)\n",
    "    \n",
    "for j in range(N) :\n",
    "    tsp_flow.add_constraint(sum(x[i][j] for i in range(N) if i!=j) == 1)\n",
    "    tsp_mtz.add_constraint(sum(t[i][j] for i in range(N) if i!=j) == 1)\n",
    "    \n",
    "for i in range(N):\n",
    "    tsp_flow.add_constraint(x[i][i] == 0)\n",
    "    tsp_mtz.add_constraint(t[i][i] == 0)\n",
    "\n",
    "#Constraints on variable u    \n",
    "tsp_mtz.add_constraint(u[0] == 1)\n",
    "\n",
    "for i in range(1,N) : \n",
    "    tsp_mtz.add_constraint(2 <= u[i])\n",
    "    tsp_mtz.add_constraint(u[i] <= N)\n",
    "    tsp_mtz.add_constraints( [u[i]- u[j] + 1 <= (N-1)*(1-t[i][j]) for j in range(1,N)] )\n",
    "\n",
    "#Constraints on variable y    \n",
    "tsp_flow.add_constraint(sum(y[0][j] for j in range(N)) == 1)\n",
    "\n",
    "for i in range(1,N):\n",
    "    tsp_flow.add_constraint(sum(y[i][j] for j in range(N)) == sum(y[j][i] for j in range(N))+ 1)\n",
    "\n",
    "for i in range(N):\n",
    "    tsp_flow.add_constraints([y[i][j] <= (N * x[i][j]) for j in range(N)])\n",
    "\n",
    "\n",
    "solution_flow = tsp_flow.solve()\n",
    "print(\"Flow : z* =\", solution_flow.objective_value)\n",
    "\n",
    "\n",
    "#solution_mtz = tsp_mtz.solve()\n",
    "#print(\"MTZ  : z* =\", solution_mtz.objective_value)"
   ]
  },
  {
   "cell_type": "markdown",
   "metadata": {},
   "source": [
    "**On a remarqué que le tsp flow est bien plus rapide que le tsp MTZ.**"
   ]
  },
  {
   "cell_type": "markdown",
   "metadata": {},
   "source": [
    "The largest set of distances contains 42 nodes, and should be easily solved by `docplex`.\n",
    "\n",
    "### 2.2. Generating random TSP instances\n",
    "\n",
    "**Question:** What method could you implement to generate a realistic set of distances for $n$ customers?\n",
    "\n",
    "**Exercice:** Implement the method proposed above and test it."
   ]
  },
  {
   "cell_type": "code",
   "execution_count": 3,
   "metadata": {},
   "outputs": [
    {
     "name": "stdout",
     "output_type": "stream",
     "text": [
      "[[0.         0.42435645 0.28194483 0.08416038 0.59734798 0.88064345\n",
      "  0.23321655 0.59280429 0.44368637 0.62735475 0.61853698 0.57777267\n",
      "  1.01145485 0.61698746 0.18380103 0.61254082 0.89973229 0.72443327\n",
      "  0.58132086 0.27715486]\n",
      " [0.42435645 0.         0.46607072 0.43218614 0.61452352 0.48854353\n",
      "  0.45315273 0.18115163 0.14746933 0.52810812 0.58054914 0.1588047\n",
      "  0.63865298 0.75484256 0.57910565 0.27141346 0.58250443 0.40183865\n",
      "  0.31872566 0.32928351]\n",
      " [0.28194483 0.46607072 0.         0.36501915 0.32070586 0.7953492\n",
      "  0.04934199 0.64489543 0.56246294 0.38529358 0.35439223 0.57385794\n",
      "  0.89310424 0.34475921 0.2521654  0.72529762 0.74215002 0.59355937\n",
      "  0.44208739 0.13979145]\n",
      " [0.08416038 0.43218614 0.36501915 0.         0.67763981 0.9076139\n",
      "  0.31665433 0.58715415 0.42280848 0.69877587 0.69529812 0.59028997\n",
      "  1.04565927 0.70114253 0.24575475 0.58563541 0.94620752 0.76704751\n",
      "  0.63012339 0.34630452]\n",
      " [0.59734798 0.61452352 0.32070586 0.67763981 0.         0.73007019\n",
      "  0.36972679 0.75951492 0.75082976 0.16576914 0.07866842 0.64831345\n",
      "  0.77213557 0.20445414 0.55999287 0.88352893 0.5863704  0.50689444\n",
      "  0.39625277 0.35236228]\n",
      " [0.88064345 0.48854353 0.7953492  0.9076139  0.73007019 0.\n",
      "  0.81062703 0.41640409 0.58197902 0.56768869 0.65646552 0.3358112\n",
      "  0.16102929 0.93117446 0.99689255 0.55391597 0.23617563 0.22338844\n",
      "  0.35961076 0.6706628 ]\n",
      " [0.23321655 0.45315273 0.04934199 0.31665433 0.36972679 0.81062703\n",
      "  0.         0.63383339 0.53899048 0.42789308 0.40133568 0.57152115\n",
      "  0.91509795 0.3888248  0.21169527 0.70501813 0.77053843 0.61554909\n",
      "  0.46349038 0.14149252]\n",
      " [0.59280429 0.18115163 0.64489543 0.58715415 0.75951492 0.41640409\n",
      "  0.63383339 0.         0.18251622 0.64729541 0.71370967 0.12695982\n",
      "  0.57725426 0.91737007 0.75601123 0.15334645 0.57851117 0.42080763\n",
      "  0.40219744 0.50641343]\n",
      " [0.44368637 0.14746933 0.56246294 0.42280848 0.75082976 0.58197902\n",
      "  0.53899048 0.18251622 0.         0.67358305 0.72216321 0.25066249\n",
      "  0.74018711 0.87649577 0.62003086 0.17065752 0.70997091 0.53443967\n",
      "  0.46474207 0.43658815]\n",
      " [0.62735475 0.52810812 0.38529358 0.69877587 0.16576914 0.56768869\n",
      "  0.42789308 0.64729541 0.67358305 0.         0.08906284 0.52677256\n",
      "  0.60645614 0.37019055 0.63745166 0.78459768 0.42197576 0.34572755\n",
      "  0.25484811 0.35249698]\n",
      " [0.61853698 0.58054914 0.35439223 0.69529812 0.07866842 0.65646552\n",
      "  0.40133568 0.71370967 0.72216321 0.08906284 0.         0.59736898\n",
      "  0.69424993 0.28259561 0.60310093 0.84478746 0.50783331 0.43406558\n",
      "  0.33379328 0.35534441]\n",
      " [0.57777267 0.1588047  0.57385794 0.59028997 0.64831345 0.3358112\n",
      "  0.57152115 0.12695982 0.25066249 0.52677256 0.59736898 0.\n",
      "  0.49133111 0.81716294 0.72210825 0.2785596  0.46463792 0.29813915\n",
      "  0.27732493 0.43431529]\n",
      " [1.01145485 0.63865298 0.89310424 1.04565927 0.77213557 0.16102929\n",
      "  0.91509795 0.57725426 0.74018711 0.60645614 0.69424993 0.49133111\n",
      "  0.         0.97658923 1.11233672 0.71448534 0.19341281 0.29968065\n",
      "  0.45166371 0.77991914]\n",
      " [0.61698746 0.75484256 0.34475921 0.70114253 0.20445414 0.93117446\n",
      "  0.3888248  0.91737007 0.87649577 0.37019055 0.28259561 0.81716294\n",
      "  0.97658923 0.         0.51883061 1.02591138 0.79030915 0.70779627\n",
      "  0.58686924 0.44269491]\n",
      " [0.18380103 0.57910565 0.2521654  0.24575475 0.55999287 0.99689255\n",
      "  0.21169527 0.75601123 0.62003086 0.63745166 0.60310093 0.72210825\n",
      "  1.11233672 0.51883061 0.         0.79033875 0.97670033 0.81472528\n",
      "  0.66357236 0.33334992]\n",
      " [0.61254082 0.27141346 0.72529762 0.58563541 0.88352893 0.55391597\n",
      "  0.70501813 0.15334645 0.17065752 0.78459768 0.84478746 0.2785596\n",
      "  0.71448534 1.02591138 0.79033875 0.         0.72984304 0.57415213\n",
      "  0.54778205 0.59383402]\n",
      " [0.89973229 0.58250443 0.74215002 0.94620752 0.5863704  0.23617563\n",
      "  0.77053843 0.57851117 0.70997091 0.42197576 0.50783331 0.46463792\n",
      "  0.19341281 0.79030915 0.97670033 0.72984304 0.         0.18297552\n",
      "  0.31857795 0.64458021]\n",
      " [0.72443327 0.40183865 0.59355937 0.76704751 0.50689444 0.22338844\n",
      "  0.61554909 0.42080763 0.53443967 0.34572755 0.43406558 0.29813915\n",
      "  0.29968065 0.70779627 0.81472528 0.57415213 0.18297552 0.\n",
      "  0.15205949 0.48156144]\n",
      " [0.58132086 0.31872566 0.44208739 0.63012339 0.39625277 0.35961076\n",
      "  0.46349038 0.40219744 0.46474207 0.25484811 0.33379328 0.27732493\n",
      "  0.45166371 0.58686924 0.66357236 0.54778205 0.31857795 0.15205949\n",
      "  0.         0.33022573]\n",
      " [0.27715486 0.32928351 0.13979145 0.34630452 0.35236228 0.6706628\n",
      "  0.14149252 0.50641343 0.43658815 0.35249698 0.35534441 0.43431529\n",
      "  0.77991914 0.44269491 0.33334992 0.59383402 0.64458021 0.48156144\n",
      "  0.33022573 0.        ]]\n",
      "Version identifier: 22.1.0.0 | 2022-03-25 | 54982fbec\n",
      "CPXPARAM_Read_DataCheck                          1\n",
      "Tried aggregator 1 time.\n",
      "MIP Presolve eliminated 40 rows and 40 columns.\n",
      "MIP Presolve modified 19 coefficients.\n",
      "Reduced MIP has 440 rows, 760 columns, and 2261 nonzeros.\n",
      "Reduced MIP has 399 binaries, 361 generals, 0 SOSs, and 0 indicators.\n",
      "Presolve time = 0.00 sec. (1.43 ticks)\n",
      "Probing changed sense of 19 constraints.\n",
      "Probing time = 0.00 sec. (3.14 ticks)\n",
      "Cover probing fixed 0 vars, tightened 342 bounds.\n",
      "Tried aggregator 1 time.\n",
      "Detecting symmetries...\n",
      "MIP Presolve eliminated 20 rows and 19 columns.\n",
      "MIP Presolve modified 342 coefficients.\n",
      "Reduced MIP has 420 rows, 741 columns, and 2204 nonzeros.\n",
      "Reduced MIP has 380 binaries, 361 generals, 0 SOSs, and 0 indicators.\n",
      "Presolve time = 0.02 sec. (2.44 ticks)\n",
      "Probing time = 0.00 sec. (2.65 ticks)\n",
      "Clique table members: 40.\n",
      "MIP emphasis: balance optimality and feasibility.\n",
      "MIP search method: dynamic search.\n",
      "Parallel mode: deterministic, using up to 8 threads.\n",
      "Root relaxation solution time = 0.00 sec. (3.30 ticks)\n",
      "\n",
      "        Nodes                                         Cuts/\n",
      "   Node  Left     Objective  IInf  Best Integer    Best Bound    ItCnt     Gap\n",
      "\n",
      "*     0+    0                           10.0995        0.0000           100.00%\n",
      "      0     0        3.4130    55       10.0995        3.4130      206   66.21%\n",
      "      0     0        3.6204    56       10.0995      Cuts: 51      404   64.15%\n",
      "      0     0        3.6673    87       10.0995      Cuts: 53      483   63.69%\n",
      "*     0+    0                            3.7886        3.6673             3.20%\n",
      "      0     0        3.7347    78        3.7886      Cuts: 27      591    1.42%\n",
      "Detecting symmetries...\n",
      "\n",
      "Repeating presolve.\n",
      "Tried aggregator 2 times.\n",
      "MIP Presolve eliminated 270 rows and 556 columns.\n",
      "MIP Presolve modified 11 coefficients.\n",
      "Aggregator did 30 substitutions.\n",
      "Reduced MIP has 120 rows, 155 columns, and 557 nonzeros.\n",
      "Reduced MIP has 64 binaries, 91 generals, 0 SOSs, and 0 indicators.\n",
      "Presolve time = 0.00 sec. (0.83 ticks)\n",
      "Probing fixed 2 vars, tightened 9 bounds.\n",
      "Probing time = 0.00 sec. (0.14 ticks)\n",
      "Tried aggregator 1 time.\n",
      "MIP Presolve eliminated 2 rows and 4 columns.\n",
      "MIP Presolve modified 7 coefficients.\n",
      "Reduced MIP has 118 rows, 151 columns, and 539 nonzeros.\n",
      "Reduced MIP has 62 binaries, 89 generals, 0 SOSs, and 0 indicators.\n",
      "Presolve time = 0.00 sec. (0.26 ticks)\n",
      "Probing time = 0.00 sec. (0.12 ticks)\n",
      "Tried aggregator 1 time.\n",
      "Detecting symmetries...\n",
      "Reduced MIP has 118 rows, 151 columns, and 539 nonzeros.\n",
      "Reduced MIP has 62 binaries, 89 generals, 0 SOSs, and 0 indicators.\n",
      "Presolve time = 0.00 sec. (0.34 ticks)\n",
      "Represolve time = 0.01 sec. (3.75 ticks)\n",
      "Probing time = 0.00 sec. (0.12 ticks)\n",
      "Clique table members: 24.\n",
      "MIP emphasis: balance optimality and feasibility.\n",
      "MIP search method: dynamic search.\n",
      "Parallel mode: deterministic, using up to 8 threads.\n",
      "Root relaxation solution time = 0.00 sec. (1.57 ticks)\n",
      "\n",
      "        Nodes                                         Cuts/\n",
      "   Node  Left     Objective  IInf  Best Integer    Best Bound    ItCnt     Gap\n",
      "\n",
      "*     0+    0                            3.7886        3.7596             0.77%\n",
      "      0     0        3.7347    64        3.7886        3.7596      791    0.77%\n",
      "      0     0        cutoff              3.7886        3.7886      826    0.00%\n",
      "Elapsed time = 0.33 sec. (143.38 ticks, tree = 0.01 MB, solutions = 2)\n",
      "\n",
      "Cover cuts applied:  6\n",
      "Implied bound cuts applied:  20\n",
      "Flow cuts applied:  21\n",
      "Mixed integer rounding cuts applied:  9\n",
      "Zero-half cuts applied:  2\n",
      "Multi commodity flow cuts applied:  1\n",
      "Lift and project cuts applied:  18\n",
      "Gomory fractional cuts applied:  4\n"
     ]
    },
    {
     "name": "stdout",
     "output_type": "stream",
     "text": [
      "\n",
      "Root node processing (before b&c):\n",
      "  Real time             =    0.33 sec. (143.42 ticks)\n",
      "Parallel b&c, 8 threads:\n",
      "  Real time             =    0.00 sec. (0.00 ticks)\n",
      "  Sync time (average)   =    0.00 sec.\n",
      "  Wait time (average)   =    0.00 sec.\n",
      "                          ------------\n",
      "Total (root+branch&cut) =    0.33 sec. (143.42 ticks)\n",
      "z* = 3.7886409212905474\n"
     ]
    }
   ],
   "source": [
    "import numpy as np\n",
    "import scipy.spatial.distance as sc\n",
    "\n",
    "def generate_distances(n: int):\n",
    "    coords = np.random.rand(n, 2) #2 est le nombre de dimensions du pb\n",
    "    return sc.cdist(coords, coords, metric='euclidean') #librairie qui permet d'avoir une matrice symétrique\n",
    "\n",
    "\n",
    "from docplex.mp.model import Model\n",
    "\n",
    "distances = generate_distances(20)\n",
    "#distances = generate_distances(50)\n",
    "print(distances)\n",
    "\n",
    "N = len(distances)\n",
    "\n",
    "tsp = Model(\"TSP\")\n",
    "tsp.log_output = True\n",
    "\n",
    "# TODO: Copy your model from the first question here.\n",
    "#Variables\n",
    "x = [tsp.binary_var_list(N,name=f'x{i}_') for i in range(N)]\n",
    "y = [tsp.integer_var_list(N,name=f'y{i}_') for i in range(N)]\n",
    "\n",
    "#Objective\n",
    "#tsp.minimize(sum(tsp.dot(distances[i][j], x[i][j]) for i in range(N) for j in range(N)))\n",
    "mySum = 0\n",
    "for i in range(N):\n",
    "    for j in range(N):\n",
    "        mySum += distances[i][j]*x[i][j]\n",
    "tsp.minimize(mySum)\n",
    "\n",
    "#Constraints\n",
    "#Constraints on variable x & t\n",
    "for i in range(N) :\n",
    "    tsp.add_constraint(sum(x[i][j] for j in range(N) if i!=j) == 1)\n",
    "    \n",
    "for j in range(N) :\n",
    "    tsp.add_constraint(sum(x[i][j] for i in range(N) if i!=j) == 1)\n",
    "    \n",
    "for i in range(N):\n",
    "    tsp.add_constraint(x[i][i] == 0)\n",
    "\n",
    "#Constraints on variable y    \n",
    "tsp.add_constraint(sum(y[0][j] for j in range(N)) == 1)\n",
    "\n",
    "for i in range(1,N):\n",
    "    tsp.add_constraint(sum(y[i][j] for j in range(N)) == sum(y[j][i] for j in range(N))+ 1)\n",
    "\n",
    "for i in range(N):\n",
    "    tsp.add_constraints([y[i][j] <= (N * x[i][j]) for j in range(N)])\n",
    "\n",
    "solution = tsp.solve()\n",
    "print(\"z* =\", solution.objective_value)"
   ]
  },
  {
   "cell_type": "markdown",
   "metadata": {},
   "source": [
    "## 3. Solving Warehouse Allocation using Benders decomposition with `docplex`\n",
    "\n",
    "### 3.1. The warehouse problem\n",
    "\n",
    "A company needs to supply a set of $n$ clients and needs to open new warehouses (from a\n",
    "set of $m$ possible warehouses).\n",
    "Opening a warehouse $j$ costs $f_j$ and supplying a client $i$ from a warehouse $j$ costs $c_{ij}$ per supply unit.\n",
    "Which warehouses should be opened in order to satisfy all clients while minimizing the total cost?\n",
    "\n",
    "### 3.2. Solving the warehouse problem with a single ILP\n",
    "\n",
    "- $y_{j} = 1$ if and only if warehouse $j$ is opened.\n",
    "- $x_{ij}$ is the fraction supplied from warehouse $j$ to customer $i$.\n",
    "\n",
    "$\n",
    "\\begin{align}\n",
    "  \\text{min.} \\quad & \\sum_{i=1}^{n} \\sum_{j=1}^{m} c_{ij} x_{ij} + \\sum_{j=1}^{m} f_{j} y_{j} & \\\\\n",
    "  \\text{s.t.} \\quad & \\sum_{j=1}^{m} x_{ij} = 1, & \\forall i \\in\\{1,\\ldots,n\\}\\\\\n",
    "                    & x_{ij} \\leq y_{j}, & \\forall i\\in\\{1,\\ldots,n\\},\\forall j\\in\\{1,\\ldots,m\\}\\\\\n",
    "                    & y_{j} \\in \\left\\{0,~1\\right\\}, & \\forall j \\in \\left\\{1,~\\ldots,~m\\right\\}\\\\\n",
    "                    & x_{ij} \\geq 0, & \\forall i \\in \\left\\{1,~\\ldots,~n\\right\\}, \\forall j \\in \\left\\{1,~\\ldots,~m\\right\\}\n",
    "\\end{align}\n",
    "$\n",
    "\n",
    "\n",
    "**Exercice:** Implement the ILP model for the warehouse allocation problem and test it on the given instance."
   ]
  },
  {
   "cell_type": "code",
   "execution_count": 28,
   "metadata": {},
   "outputs": [
    {
     "name": "stdout",
     "output_type": "stream",
     "text": [
      "Version identifier: 22.1.0.0 | 2022-03-25 | 54982fbec\n",
      "CPXPARAM_Read_DataCheck                          1\n",
      "Found incumbent of value 40.000000 after 0.00 sec. (0.00 ticks)\n",
      "Tried aggregator 1 time.\n",
      "MIP Presolve eliminated 9 rows and 0 columns.\n",
      "Reduced MIP has 12 rows, 12 columns, and 27 nonzeros.\n",
      "Reduced MIP has 3 binaries, 0 generals, 0 SOSs, and 0 indicators.\n",
      "Presolve time = 0.00 sec. (0.02 ticks)\n",
      "Probing time = 0.00 sec. (0.00 ticks)\n",
      "Tried aggregator 1 time.\n",
      "Detecting symmetries...\n",
      "Reduced MIP has 12 rows, 12 columns, and 27 nonzeros.\n",
      "Reduced MIP has 3 binaries, 0 generals, 0 SOSs, and 0 indicators.\n",
      "Presolve time = 0.00 sec. (0.02 ticks)\n",
      "Probing time = 0.00 sec. (0.00 ticks)\n",
      "MIP emphasis: balance optimality and feasibility.\n",
      "MIP search method: dynamic search.\n",
      "Parallel mode: deterministic, using up to 8 threads.\n",
      "Root relaxation solution time = 0.00 sec. (0.02 ticks)\n",
      "\n",
      "        Nodes                                         Cuts/\n",
      "   Node  Left     Objective  IInf  Best Integer    Best Bound    ItCnt     Gap\n",
      "\n",
      "*     0+    0                           40.0000        0.0000           100.00%\n",
      "      0     0       36.0000     3       40.0000       36.0000        7   10.00%\n",
      "*     0+    0                           38.0000       36.0000             5.26%\n",
      "      0     0        cutoff             38.0000                      7    0.00%\n",
      "Elapsed time = 0.02 sec. (0.11 ticks, tree = 0.01 MB, solutions = 2)\n",
      "\n",
      "Root node processing (before b&c):\n",
      "  Real time             =    0.02 sec. (0.11 ticks)\n",
      "Parallel b&c, 8 threads:\n",
      "  Real time             =    0.00 sec. (0.00 ticks)\n",
      "  Sync time (average)   =    0.00 sec.\n",
      "  Wait time (average)   =    0.00 sec.\n",
      "                          ------------\n",
      "Total (root+branch&cut) =    0.02 sec. (0.11 ticks)\n",
      "z* = 38.0\n"
     ]
    }
   ],
   "source": [
    "from docplex.mp.model import Model\n",
    "\n",
    "# We will start with a small instances with 3 warehouses and 3 clients:\n",
    "N = 3\n",
    "M = 3\n",
    "\n",
    "# Opening and distribution costs:\n",
    "f = [20, 20, 20]\n",
    "c = [[15, 1, 2], [1, 16, 3], [4, 1, 17]]\n",
    "\n",
    "wa = Model(\"Warehouse Allocation\")\n",
    "wa.log_output = True\n",
    "\n",
    "# TODO: Model for the warehouse allocation.\n",
    "\n",
    "#Variables\n",
    "x = [wa.continuous_var_list(M,name=f'x{i}_') for i in range(N)]\n",
    "y = wa.binary_var_list(M,name=f'y_')\n",
    "\n",
    "#Objective\n",
    "wa.minimize(sum(c[i][j]*x[i][j] for i in range(N) for j in range(M)) + sum(f[j]*y[j] for j in range(M)))\n",
    "\n",
    "#Constraints\n",
    "for i in range(N):\n",
    "    wa.add_constraint(sum(x[i][j] for j in range(M)) == 1)\n",
    "\n",
    "for i in range(N):\n",
    "    for j in range(M):\n",
    "        wa.add_constraint(x[i][j] <= y[j])\n",
    "    \n",
    "\"\"\"for j in range(M):\n",
    "    wa.add_constraint(y[j] >= 0)\n",
    "    wa.add_constraint(y[i] <= 1)\"\"\"\n",
    "#inutile car y est une liste binaire\n",
    "    \n",
    "for i in range (N):\n",
    "    for j in range(M):\n",
    "        wa.add_constraint(x[i][j] >= 0)\n",
    "\n",
    "solution = wa.solve()\n",
    "print(\"z* =\", solution.objective_value)"
   ]
  },
  {
   "cell_type": "markdown",
   "metadata": {},
   "source": [
    "### 3.3. Benders' decomposition for the Warehouse Allocation problem\n",
    "\n",
    "We are going to use Benders' decomposition to solve the Warehouse Allocation problem. \n",
    "\n",
    "#### Dual subproblem\n",
    "\n",
    "$\n",
    "\\begin{align*}\n",
    "\\text{max.} \\quad & \\sum_{i=1}^{n} v_{i} - \\sum_{i=1}^{n}\\sum_{j=1}^{m} \\bar{y}_{j} u_{ij} & \\\\\n",
    "\\text{s.t.} \\quad & v_{i} - u_{ij} \\leq c_{ij}, & \\forall i\\in\\{1,\\ldots,n\\},\\forall j\\in\\{1,\\ldots,m\\}\\\\\n",
    "                  & v_{i} \\in\\mathbb{R},\\ u_{ij} \\geq 0 & \\forall i \\in\\{1,\\ldots,n\\}, \\forall j\\in\\{1,\\ldots,m\\}\n",
    "\\end{align*}\n",
    "$\n",
    "\n",
    "#### Master problem\n",
    "\n",
    "$\n",
    "\\begin{align*}\n",
    "  \\text{min.} \\quad & \\sum_{j=1}^{m} f_j y_j + z & \\\\\n",
    "  \\text{s.t.} \\quad & z \\geq \\sum_{i=1}^{n}v_i^p - \\sum_{i=1}^{n} \\sum_{j=1}^{m} u_{ij}^p y_j, & \\forall p\\in l_1\\\\\n",
    "                    & 0 \\geq \\sum_{i=1}^{n}v_i^r - \\sum_{i=1}^{n} \\sum_{j=1}^{n} u_{ij}^r y_j, & \\forall r\\in l_2\\\\\n",
    "                    & y_{j} \\in\\{0,1\\}, & \\forall j\\in\\{1,\\ldots,m\\}\n",
    "\\end{align*}\n",
    "$"
   ]
  },
  {
   "cell_type": "markdown",
   "metadata": {},
   "source": [
    "**Exercice:** Implement the method `create_master_problem` that creates the initial master problem (without feasibility or optimality constraints) for the warehouse allocation problem.\n",
    "\n",
    "<div class=\"alert alert-info alert-block\">\n",
    "\n",
    "You can use `print(m.export_as_lp_string())` to display a textual representation of a `docplex` model `m`.\n",
    "    \n",
    "</div>"
   ]
  },
  {
   "cell_type": "code",
   "execution_count": 29,
   "metadata": {},
   "outputs": [
    {
     "name": "stdout",
     "output_type": "stream",
     "text": [
      "\\ This file has been generated by DOcplex\n",
      "\\ ENCODING=ISO-8859-1\n",
      "\\Problem name: Warehouse Allocation - Benders master problem\n",
      "\n",
      "Minimize\n",
      " obj: 20 y__0 + 20 y__1 + 20 y__2 + z\n",
      "Subject To\n",
      "\n",
      "Bounds\n",
      " 0 <= y__0 <= 1\n",
      " 0 <= y__1 <= 1\n",
      " 0 <= y__2 <= 1\n",
      "\n",
      "Binaries\n",
      " y__0 y__1 y__2\n",
      "End\n",
      "\n"
     ]
    }
   ],
   "source": [
    "from docplex.mp.model import Model\n",
    "from docplex.mp.linear import Var\n",
    "from docplex.mp.constr import AbstractConstraint\n",
    "from typing import List, Sequence, Tuple\n",
    "\n",
    "\n",
    "def create_master_problem(\n",
    "    N: int, M: int, f: Sequence[float], c: Sequence[Sequence[float]]\n",
    ") -> Tuple[Model, Var, Sequence[Var]]:\n",
    "    \"\"\"\n",
    "    Creates the initial Benders master problem for the Warehouse Allocation problem.\n",
    "\n",
    "    Args:\n",
    "        N: Number of clients.\n",
    "        M: Number of warehouses.\n",
    "        f: Array-like containing costs of opening warehouses.\n",
    "        c: 2D-array like containing transport costs from client to warehouses.\n",
    "\n",
    "    Returns:\n",
    "        A 3-tuple containing the docplex problem, the z variable and the y variables.\n",
    "    \"\"\"\n",
    "\n",
    "    wa = Model(\"Warehouse Allocation - Benders master problem\")\n",
    "\n",
    "    #Master problem\n",
    "    #variables\n",
    "    #u = [wa.integer_var_list(M,name=f'u{i}_') for i in range(N)]\n",
    "    #v = wa.integer_var_list(N,name=f'v_')\n",
    "    y = wa.binary_var_list(M,name=f'y_')\n",
    "    \n",
    "    z = wa.continuous_var(name='z')\n",
    "    \n",
    "    #Objective\n",
    "    wa.minimize(sum(f[j]*y[j] for j in range(M)) + z)\n",
    "    \n",
    "\n",
    "    return wa, z, y\n",
    "\n",
    "\n",
    "# Check your method:\n",
    "wa, z, y = create_master_problem(N, M, f, c)\n",
    "print(wa.export_as_lp_string())"
   ]
  },
  {
   "cell_type": "markdown",
   "metadata": {},
   "source": [
    "**Exercice:** Implement the method `add_optimality_constraints` that add optimality constraints to the Benders master problem. "
   ]
  },
  {
   "cell_type": "code",
   "execution_count": 30,
   "metadata": {},
   "outputs": [],
   "source": [
    "def add_optimality_constraint(\n",
    "    N: int,\n",
    "    M: int,\n",
    "    wa: Model,\n",
    "    z: Var,\n",
    "    y: Sequence[Var],\n",
    "    v: Sequence[float],\n",
    "    u: Sequence[Sequence[float]],\n",
    ") -> List[AbstractConstraint]:\n",
    "    \"\"\"\n",
    "    Adds an optimality constraints to the given Warehouse Allocation model\n",
    "    using the given optimal values from the Benders dual subproblem.\n",
    "\n",
    "    Args:\n",
    "        N: Number of clients.\n",
    "        M: Number of warehouses.\n",
    "        wa: The Benders master problem (docplex.mp.model.Model).\n",
    "        z: The z variable of the master problem.\n",
    "        y: The y variables of the master problem.\n",
    "        v: The optimal values for the v variables of the Benders dual subproblem.\n",
    "        u: The optimal values for the u variables of the Benders dual subproblem.\n",
    "\n",
    "    Return: The optimality constraint added.\n",
    "    \"\"\"\n",
    "    optimality_constraint = wa.add_constraint((sum(v[i] for i in range(N))-sum(u[i][j]*y[j] for i in range(N) for j in range(M))) <= z)\n",
    "    \n",
    "    return optimality_constraint\n"
   ]
  },
  {
   "cell_type": "markdown",
   "metadata": {},
   "source": [
    "**Exercice:** Implement the method `add_feasibility_constraints` that add feasibility constraints to the Benders master problem. "
   ]
  },
  {
   "cell_type": "code",
   "execution_count": 31,
   "metadata": {},
   "outputs": [],
   "source": [
    "def add_feasibility_constraints(\n",
    "    N: int,\n",
    "    M: int,\n",
    "    wa: Model,\n",
    "    z: Var,\n",
    "    y: Sequence[Var],\n",
    "    v: Sequence[float],\n",
    "    u: Sequence[Sequence[float]],\n",
    ") -> List[AbstractConstraint]:\n",
    "    \"\"\"\n",
    "    Adds an optimality constraints to the given Warehouse Allocation model\n",
    "    using the given optimal values from the Benders dual subproblem.\n",
    "\n",
    "    Args:\n",
    "      - N: Number of clients.\n",
    "      - M: Number of warehouses.\n",
    "      - wa: The Benders master problem (docplex.mp.model.Model).\n",
    "      - z: The z variable of the master problem.\n",
    "      - y: The y variables of the master problem.\n",
    "      - v: The extreme rays for the v variables of the Benders dual subproblem.\n",
    "      - u: The extreme rays for the u variables of the Benders dual subproblem.\n",
    "\n",
    "    Returns:\n",
    "        The feasibility constraint added.\n",
    "    \"\"\"\n",
    "    feasibility_constraint = wa.add_constraint(\n",
    "        (sum(v[i] for i in range(N))-sum(u[i][j]*y[j] for i in range(N) for j in range(M))) <= 0)\n",
    "    \n",
    "    return feasibility_constraint\n",
    "\n"
   ]
  },
  {
   "cell_type": "markdown",
   "metadata": {},
   "source": [
    "**Exercice:** Implement the method `create_dual_subproblem` that, given a solution `y` of the master problem, create the corresponding Benders dual subproblem.\n",
    "\n",
    "$\n",
    "\\begin{align*}\n",
    "\\text{max.} \\quad & \\sum_{i=1}^{n} v_{i} - \\sum_{i=1}^{n}\\sum_{j=1}^{m} \\bar{y}_{j} u_{ij} & \\\\\n",
    "\\text{s.t.} \\quad & v_{i} - u_{ij} \\leq c_{ij}, & \\forall i\\in\\{1,\\ldots,n\\},\\forall j\\in\\{1,\\ldots,m\\}\\\\\n",
    "                  & v_{i} \\in\\mathbb{R},\\ u_{ij} \\geq 0 & \\forall i \\in\\{1,\\ldots,n\\}, \\forall j\\in\\{1,\\ldots,m\\}\n",
    "\\end{align*}\n",
    "$"
   ]
  },
  {
   "cell_type": "code",
   "execution_count": 32,
   "metadata": {},
   "outputs": [
    {
     "name": "stdout",
     "output_type": "stream",
     "text": [
      "\\ This file has been generated by DOcplex\n",
      "\\ ENCODING=ISO-8859-1\n",
      "\\Problem name: Warehouse Allocation - Benders dual subproblem\n",
      "\n",
      "Maximize\n",
      " obj: - u0__0 - u0__1 - u0__2 - u1__0 - u1__1 - u1__2 - u2__0 - u2__1 - u2__2\n",
      "      + v__0 + v__1 + v__2\n",
      "Subject To\n",
      " c1: - u0__0 + v__0 <= 15\n",
      " c2: u0__0 >= 0\n",
      " c3: - u0__1 + v__0 <= 1\n",
      " c4: u0__1 >= 0\n",
      " c5: - u0__2 + v__0 <= 2\n",
      " c6: u0__2 >= 0\n",
      " c7: - u1__0 + v__1 <= 1\n",
      " c8: u1__0 >= 0\n",
      " c9: - u1__1 + v__1 <= 16\n",
      " c10: u1__1 >= 0\n",
      " c11: - u1__2 + v__1 <= 3\n",
      " c12: u1__2 >= 0\n",
      " c13: - u2__0 + v__2 <= 4\n",
      " c14: u2__0 >= 0\n",
      " c15: - u2__1 + v__2 <= 1\n",
      " c16: u2__1 >= 0\n",
      " c17: - u2__2 + v__2 <= 17\n",
      " c18: u2__2 >= 0\n",
      "\n",
      "Bounds\n",
      "End\n",
      "\n"
     ]
    }
   ],
   "source": [
    "from docplex.mp.model import Model\n",
    "\n",
    "\n",
    "def create_dual_subproblem(\n",
    "    N: int, M: int, f: Sequence[float], c: Sequence[Sequence[float]], y: Sequence[int]\n",
    ") -> Tuple[Model, Sequence[Var], Sequence[Sequence[Var]]]:\n",
    "    \"\"\"\n",
    "    Creates a Benders dual subproblem for the Warehouse Allocation problem corresponding\n",
    "    to the given master solution.\n",
    "\n",
    "    Args:\n",
    "        N: Number of clients.\n",
    "        M: Number of warehouses.\n",
    "        f: Array-like containing costs of opening warehouses.\n",
    "        c: 2D-array like containing transport costs from client to warehouses.\n",
    "        y: Values of the y variables from the Benders master problem.\n",
    "\n",
    "    Returns:\n",
    "        A 3-tuple containing the docplex problem, the v variable and the u variables.\n",
    "    \"\"\"\n",
    "\n",
    "    dsp = Model(\"Warehouse Allocation - Benders dual subproblem\")\n",
    "\n",
    "    # We disable pre-solve to be able to retrieve a meaningful status in the main\n",
    "    # algorithm:\n",
    "    dsp.parameters.preprocessing.presolve.set(0)\n",
    "\n",
    "    #dual subproblem\n",
    "    #variables\n",
    "    u = [dsp.continuous_var_list(M,name=f'u{i}_') for i in range(N)]\n",
    "    v = dsp.continuous_var_list(N,name=f'v_')\n",
    "    \n",
    "    #Objective\n",
    "    dsp.maximize(sum(v[i] for i in range(N)) - sum(y[j]*u[i][j] for i in range(N) for j in range(M)))\n",
    "    \n",
    "\n",
    "    #Constraints\n",
    "    for i in range(N):\n",
    "        for j in range(M):\n",
    "            dsp.add_constraint(v[i] - u[i][j] <= c[i][j])\n",
    "            dsp.add_constraint(u[i][j] >= 0 )\n",
    "\n",
    "    return dsp, v, u\n",
    "\n",
    "\n",
    "# Check your method (assuming y = [1 1 1 ... 1]):\n",
    "dsp, v, u = create_dual_subproblem(N, M, f, c, [1] * M)\n",
    "print(dsp.export_as_lp_string())"
   ]
  },
  {
   "cell_type": "markdown",
   "metadata": {},
   "source": [
    "**Exercice:** Using the methods you implemented, write the Benders decomposition algorithm for the warehouse allocation problem.\n",
    "\n",
    "<div class=\"alert alert-block alert-info\">\n",
    "\n",
    "The `get_extreme_rays` function can be used to retrieve the extreme rays associated with an unbounded solution of the dual subproblem.\n",
    "    \n",
    "</div>\n",
    "\n",
    "<div class=\"alert alert-block alert-info\">\n",
    "    \n",
    "You can use `model.get_solve_status()` to obtain the status of the resolution and compare it to members of `JobSolveStatus`:\n",
    "    \n",
    "```python\n",
    "if model.get_solve_status() == JobSolveStatus.OPTIMAL_SOLUTION:\n",
    "    pass\n",
    "```\n",
    "    \n",
    "</div>"
   ]
  },
  {
   "cell_type": "code",
   "execution_count": 33,
   "metadata": {},
   "outputs": [
    {
     "name": "stdout",
     "output_type": "stream",
     "text": [
      "Iteration 1\n",
      "Le statut est : JobSolveStatus.UNBOUNDED_SOLUTION\n",
      "2eme cas : UNBOUNDED\n",
      "Error: Adding trivially infeasible constraint: '', pos: 1\n"
     ]
    },
    {
     "ename": "DOcplexException",
     "evalue": "Adding a trivially infeasible constraint",
     "output_type": "error",
     "traceback": [
      "\u001b[1;31m---------------------------------------------------------------------------\u001b[0m",
      "\u001b[1;31mDOcplexException\u001b[0m                          Traceback (most recent call last)",
      "\u001b[1;32m<ipython-input-33-bb60ef0b70cd>\u001b[0m in \u001b[0;36m<module>\u001b[1;34m\u001b[0m\n\u001b[0;32m     87\u001b[0m         \u001b[0mprint\u001b[0m\u001b[1;33m(\u001b[0m\u001b[1;34m\"2eme cas : UNBOUNDED\"\u001b[0m\u001b[1;33m)\u001b[0m\u001b[1;33m\u001b[0m\u001b[1;33m\u001b[0m\u001b[0m\n\u001b[0;32m     88\u001b[0m         \u001b[0mray_v\u001b[0m\u001b[1;33m,\u001b[0m \u001b[0mray_u\u001b[0m \u001b[1;33m=\u001b[0m \u001b[0mget_extreme_rays\u001b[0m\u001b[1;33m(\u001b[0m\u001b[0mN\u001b[0m\u001b[1;33m,\u001b[0m\u001b[0mM\u001b[0m\u001b[1;33m,\u001b[0m\u001b[0mdsp\u001b[0m\u001b[1;33m,\u001b[0m\u001b[0mv\u001b[0m\u001b[1;33m,\u001b[0m\u001b[0mu\u001b[0m\u001b[1;33m)\u001b[0m\u001b[1;33m\u001b[0m\u001b[1;33m\u001b[0m\u001b[0m\n\u001b[1;32m---> 89\u001b[1;33m         \u001b[0madd_feasibility_constraints\u001b[0m\u001b[1;33m(\u001b[0m\u001b[0mN\u001b[0m\u001b[1;33m,\u001b[0m\u001b[0mM\u001b[0m\u001b[1;33m,\u001b[0m\u001b[0mwa\u001b[0m\u001b[1;33m,\u001b[0m\u001b[0msol_master\u001b[0m\u001b[1;33m.\u001b[0m\u001b[0mget_value\u001b[0m\u001b[1;33m(\u001b[0m\u001b[0mz\u001b[0m\u001b[1;33m)\u001b[0m\u001b[1;33m,\u001b[0m\u001b[0msol_master\u001b[0m\u001b[1;33m.\u001b[0m\u001b[0mget_values\u001b[0m\u001b[1;33m(\u001b[0m\u001b[0my\u001b[0m\u001b[1;33m)\u001b[0m\u001b[1;33m,\u001b[0m\u001b[0mray_v\u001b[0m\u001b[1;33m,\u001b[0m\u001b[0mray_u\u001b[0m\u001b[1;33m)\u001b[0m\u001b[1;33m\u001b[0m\u001b[1;33m\u001b[0m\u001b[0m\n\u001b[0m\u001b[0;32m     90\u001b[0m \u001b[1;33m\u001b[0m\u001b[0m\n\u001b[0;32m     91\u001b[0m     \u001b[0msol_master\u001b[0m \u001b[1;33m=\u001b[0m \u001b[0mwa\u001b[0m\u001b[1;33m.\u001b[0m\u001b[0msolve\u001b[0m\u001b[1;33m(\u001b[0m\u001b[1;33m)\u001b[0m\u001b[1;33m\u001b[0m\u001b[1;33m\u001b[0m\u001b[0m\n",
      "\u001b[1;32m<ipython-input-31-eecd61b25e83>\u001b[0m in \u001b[0;36madd_feasibility_constraints\u001b[1;34m(N, M, wa, z, y, v, u)\u001b[0m\n\u001b[0;32m     25\u001b[0m     \"\"\"\n\u001b[0;32m     26\u001b[0m     feasibility_constraint = wa.add_constraint(\n\u001b[1;32m---> 27\u001b[1;33m         (sum(v[i] for i in range(N))-sum(u[i][j]*y[j] for i in range(N) for j in range(M))) <= 0)\n\u001b[0m\u001b[0;32m     28\u001b[0m \u001b[1;33m\u001b[0m\u001b[0m\n\u001b[0;32m     29\u001b[0m     \u001b[1;32mreturn\u001b[0m \u001b[0mfeasibility_constraint\u001b[0m\u001b[1;33m\u001b[0m\u001b[1;33m\u001b[0m\u001b[0m\n",
      "\u001b[1;32m~\\Anaconda3\\lib\\site-packages\\docplex\\mp\\model.py\u001b[0m in \u001b[0;36madd_constraint\u001b[1;34m(self, ct, ctname)\u001b[0m\n\u001b[0;32m   4053\u001b[0m             \u001b[1;33m:\u001b[0m\u001b[0mfunc\u001b[0m\u001b[1;33m:\u001b[0m\u001b[0;31m`\u001b[0m\u001b[0madd_constraint_\u001b[0m\u001b[0;31m`\u001b[0m\u001b[1;33m\u001b[0m\u001b[1;33m\u001b[0m\u001b[0m\n\u001b[0;32m   4054\u001b[0m         \"\"\"\n\u001b[1;32m-> 4055\u001b[1;33m         \u001b[0mct\u001b[0m \u001b[1;33m=\u001b[0m \u001b[0mself\u001b[0m\u001b[1;33m.\u001b[0m\u001b[0m_add_constraint_internal\u001b[0m\u001b[1;33m(\u001b[0m\u001b[0mct\u001b[0m\u001b[1;33m,\u001b[0m \u001b[0mctname\u001b[0m\u001b[1;33m)\u001b[0m\u001b[1;33m\u001b[0m\u001b[1;33m\u001b[0m\u001b[0m\n\u001b[0m\u001b[0;32m   4056\u001b[0m         \u001b[1;32mreturn\u001b[0m \u001b[0mct\u001b[0m\u001b[1;33m\u001b[0m\u001b[1;33m\u001b[0m\u001b[0m\n\u001b[0;32m   4057\u001b[0m \u001b[1;33m\u001b[0m\u001b[0m\n",
