{
 "cells": [
  {
   "cell_type": "markdown",
   "metadata": {},
   "source": [
    "# TP2 - Modeling using docplex"
   ]
  },
  {
   "cell_type": "markdown",
   "metadata": {},
   "source": [
    "## 1. The `docplex` python package\n",
    "\n",
    "`DOcplex` is a python package developped by IBM &mdash; It provides easy-to-use API for IBM solvers Cplex and Cpoptimizer.\n",
    "\n",
    "DOcplex documentation for mathematical programming can be found here: http://ibmdecisionoptimization.github.io/docplex-doc/#mathematical-programming-modeling-for-python-using-docplex-mp-docplex-mp"
   ]
  },
  {
   "cell_type": "markdown",
   "metadata": {},
   "source": [
    "## 2. Solving TSP using `docplex`\n",
    "\n",
    "### 2.1. TSP model using `docplex`\n",
    "\n",
    "**Exercice:** Using `docplex`, create a model for the travelling salesman problem using the MTZ or Flow formulation and compare them."
   ]
  },
  {
   "cell_type": "code",
   "execution_count": 2,
   "metadata": {},
   "outputs": [],
   "source": [
    "#!pip install cplex"
   ]
  },
  {
   "cell_type": "code",
   "execution_count": 3,
   "metadata": {
    "scrolled": false
   },
   "outputs": [
    {
     "name": "stdout",
     "output_type": "stream",
     "text": [
      "Flow : z* = 2085.0\n"
     ]
    }
   ],
   "source": [
    "from docplex.mp.model import Model\n",
    "import tsp.data as data\n",
    "import numpy as np\n",
    "\n",
    "\n",
    "#distances = data.grid42\n",
    "distances = data.grid17\n",
    "N = len(distances)\n",
    "\n",
    "tsp_flow = Model(\"TSP Flow\")\n",
    "tsp_flow.log_output = False\n",
    "\n",
    "tsp_mtz = Model(\"TSP MTZ\")\n",
    "tsp_mtz.log_output = True\n",
    "\n",
    "#Variables\n",
    "x = [tsp_flow.binary_var_list(N,name=f'x{i}_') for i in range(N)]\n",
    "y = [tsp_flow.integer_var_list(N,name=f'y{i}_') for i in range(N)]\n",
    "\n",
    "t = [tsp_mtz.binary_var_list(N,name=f't{i}_') for i in range(N)]\n",
    "u = tsp_mtz.integer_var_list(N,name=f'u_')\n",
    "\n",
    "#Objective\n",
    "#tsp.minimize(sum(tsp.dot(distances[i][j], x[i][j]) for i in range(N) for j in range(N)))\n",
    "mySum = 0\n",
    "for i in range(N):\n",
    "    for j in range(N):\n",
    "        mySum += distances[i][j]*x[i][j]\n",
    "tsp_flow.minimize(mySum)\n",
    "\n",
    "mySum = 0\n",
    "for i in range(N):\n",
    "    for j in range(N):\n",
    "        mySum += distances[i][j]*t[i][j]\n",
    "tsp_mtz.minimize(mySum)\n",
    "\n",
    "#Constraints\n",
    "#Constraints on variable x & t\n",
    "for i in range(N) :\n",
    "    tsp_flow.add_constraint(sum(x[i][j] for j in range(N) if i!=j) == 1)\n",
    "    tsp_mtz.add_constraint(sum(t[i][j] for j in range(N) if i!=j) == 1)\n",
    "    \n",
    "for j in range(N) :\n",
    "    tsp_flow.add_constraint(sum(x[i][j] for i in range(N) if i!=j) == 1)\n",
    "    tsp_mtz.add_constraint(sum(t[i][j] for i in range(N) if i!=j) == 1)\n",
    "    \n",
    "for i in range(N):\n",
    "    tsp_flow.add_constraint(x[i][i] == 0)\n",
    "    tsp_mtz.add_constraint(t[i][i] == 0)\n",
    "\n",
    "#Constraints on variable u    \n",
    "tsp_mtz.add_constraint(u[0] == 1)\n",
    "\n",
    "for i in range(1,N) : \n",
    "    tsp_mtz.add_constraint(2 <= u[i])\n",
    "    tsp_mtz.add_constraint(u[i] <= N)\n",
    "    tsp_mtz.add_constraints( [u[i]- u[j] + 1 <= (N-1)*(1-t[i][j]) for j in range(1,N)] )\n",
    "\n",
    "#Constraints on variable y    \n",
    "tsp_flow.add_constraint(sum(y[0][j] for j in range(N)) == 1)\n",
    "\n",
    "for i in range(1,N):\n",
    "    tsp_flow.add_constraint(sum(y[i][j] for j in range(N)) == sum(y[j][i] for j in range(N))+ 1)\n",
    "\n",
    "for i in range(N):\n",
    "    tsp_flow.add_constraints([y[i][j] <= (N * x[i][j]) for j in range(N)])\n",
    "\n",
    "\n",
    "solution_flow = tsp_flow.solve()\n",
    "print(\"Flow : z* =\", solution_flow.objective_value)\n",
    "\n",
    "\n",
    "#solution_mtz = tsp_mtz.solve()\n",
    "#print(\"MTZ  : z* =\", solution_mtz.objective_value)"
   ]
  },
  {
   "cell_type": "markdown",
   "metadata": {},
   "source": [
    "The largest set of distances contains 42 nodes, and should be easily solved by `docplex`.\n",
    "\n",
    "### 2.2. Generating random TSP instances\n",
    "\n",
    "**Question:** What method could you implement to generate a realistic set of distances for $n$ customers?\n",
    "\n",
    "**Exercice:** Implement the method proposed above and test it."
   ]
  },
  {
   "cell_type": "code",
   "execution_count": 47,
   "metadata": {},
   "outputs": [
    {
     "name": "stdout",
     "output_type": "stream",
     "text": [
      "[[0.         0.7948521  0.89855709 0.43909342 0.07339299 0.68675286\n",
      "  0.73551162 0.87492635 0.86601318 0.44742371 0.50310566 1.13792948\n",
      "  0.45144931 0.04268158 0.94480944 0.61897133 0.57855541 0.66505783\n",
      "  0.15571287 0.34788231]\n",
      " [0.7948521  0.         0.97272651 0.37365363 0.84454555 0.46230974\n",
      "  0.35745868 0.36077416 0.72460737 0.35941096 0.92493864 0.83958219\n",
      "  0.54926955 0.83542291 0.33967899 1.06308743 0.46156255 0.28071092\n",
      "  0.65596411 0.44941835]\n",
      " [0.89855709 0.97272651 0.         0.7683768  0.86523016 0.51048079\n",
      "  0.61978945 0.68557726 0.28234402 0.92168515 0.44837689 0.45845478\n",
      "  0.54227307 0.90077727 0.77366747 0.4457173  0.53716782 0.69500688\n",
      "  0.79738696 0.87506489]\n",
      " [0.43909342 0.37365363 0.7683768  0.         0.47961105 0.33891235\n",
      "  0.33395516 0.4587128  0.60313826 0.15376924 0.58736628 0.82675466\n",
      "  0.23704898 0.47664959 0.51606892 0.73108889 0.25098649 0.24009982\n",
      "  0.2896128  0.14302431]\n",
      " [0.07339299 0.84454555 0.86523016 0.47961105 0.         0.69734628\n",
      "  0.7566798  0.89834795 0.85528243 0.50552119 0.4520191  1.13156818\n",
      "  0.45581417 0.04269854 0.97287674 0.55961157 0.59038815 0.69473211\n",
      "  0.19004307 0.40375791]\n",
      " [0.68675286 0.46230974 0.51048079 0.33891235 0.69734628 0.\n",
      "  0.11906146 0.24033065 0.2806577  0.48142861 0.55121232 0.48811779\n",
      "  0.24365899 0.71268584 0.33432065 0.66825899 0.10829967 0.18596718\n",
      "  0.53486052 0.4790145 ]\n",
      " [0.73551162 0.35745868 0.61978945 0.33395516 0.7566798  0.11906146\n",
      "  0.         0.14309214 0.36755257 0.45318025 0.66181926 0.52121781\n",
      "  0.32274144 0.76617494 0.22904283 0.78342435 0.18338548 0.11016814\n",
      "  0.57997688 0.47632684]\n",
      " [0.87492635 0.36077416 0.68557726 0.4587128  0.89834795 0.24033065\n",
      "  0.14309214 0.         0.40893353 0.55729795 0.79143689 0.47925291\n",
      "  0.4650049  0.90664919 0.09542051 0.9058968  0.32440941 0.21876787\n",
      "  0.71921398 0.5970572 ]\n",
      " [0.86601318 0.72460737 0.28234402 0.60313826 0.85528243 0.2806577\n",
      "  0.36755257 0.40893353 0.         0.75299448 0.54910214 0.28061131\n",
      "  0.42752363 0.88146725 0.49374009 0.61466131 0.35216401 0.46188849\n",
      "  0.73113412 0.73451493]\n",
      " [0.44742371 0.35941096 0.92168515 0.15376924 0.50552119 0.48142861\n",
      "  0.45318025 0.55729795 0.75299448 0.         0.71146159 0.96491568\n",
      "  0.38545726 0.48954615 0.59511934 0.85559677 0.40188597 0.34611212\n",
      "  0.32813024 0.10282545]\n",
      " [0.50310566 0.92493864 0.44837689 0.58736628 0.4520191  0.55121232\n",
      "  0.66181926 0.79143689 0.54910214 0.71146159 0.         0.82204952\n",
      "  0.37570015 0.49271515 0.88548042 0.14425492 0.48651963 0.66836311\n",
      "  0.45593402 0.62646484]\n",
      " [1.13792948 0.83958219 0.45845478 0.82675466 1.13156818 0.48811779\n",
      "  0.52121781 0.47925291 0.28061131 0.96491568 0.82204952 0.\n",
      "  0.6900203  1.15589302 0.52543312 0.87048278 0.5867079  0.63114562\n",
      "  0.99681332 0.96708903]\n",
      " [0.45144931 0.54926955 0.54227307 0.23704898 0.45581417 0.24365899\n",
      "  0.32274144 0.4650049  0.42752363 0.38545726 0.37570015 0.6900203\n",
      "  0.         0.47392569 0.55111329 0.51451747 0.14136494 0.3003738\n",
      "  0.30679696 0.33281644]\n",
      " [0.04268158 0.83542291 0.90077727 0.47664959 0.04269854 0.71268584\n",
      "  0.76617494 0.90664919 0.88146725 0.48954615 0.49271515 1.15589302\n",
      "  0.47392569 0.         0.97842809 0.60197468 0.60488394 0.69906376\n",
      "  0.18927002 0.38951828]\n",
      " [0.94480944 0.33967899 0.77366747 0.51606892 0.97287674 0.33432065\n",
      "  0.22904283 0.09542051 0.49374009 0.59511934 0.88548042 0.52543312\n",
      "  0.55111329 0.97842809 0.         1.0010663  0.41242801 0.27985321\n",
      "  0.78954245 0.6478301 ]\n",
      " [0.61897133 1.06308743 0.4457173  0.73108889 0.55961157 0.66825899\n",
      "  0.78342435 0.9058968  0.61466131 0.85559677 0.14425492 0.87048278\n",
      "  0.51451747 0.60197468 1.0010663  0.         0.61536528 0.80026343\n",
      "  0.59112037 0.76970844]\n",
      " [0.57855541 0.46156255 0.53716782 0.25098649 0.59038815 0.10829967\n",
      "  0.18338548 0.32440941 0.35216401 0.40188597 0.48651963 0.5867079\n",
      "  0.14136494 0.60488394 0.41242801 0.61536528 0.         0.18624476\n",
      "  0.42657977 0.38448623]\n",
      " [0.66505783 0.28071092 0.69500688 0.24009982 0.69473211 0.18596718\n",
      "  0.11016814 0.21876787 0.46188849 0.34611212 0.66836311 0.63114562\n",
      "  0.3003738  0.69906376 0.27985321 0.80026343 0.18624476 0.\n",
      "  0.50997383 0.37859561]\n",
      " [0.15571287 0.65596411 0.79738696 0.2896128  0.19004307 0.53486052\n",
      "  0.57997688 0.71921398 0.73113412 0.32813024 0.45593402 0.99681332\n",
      "  0.30679696 0.18927002 0.78954245 0.59112037 0.42657977 0.50997383\n",
      "  0.         0.22541949]\n",
      " [0.34788231 0.44941835 0.87506489 0.14302431 0.40375791 0.4790145\n",
      "  0.47632684 0.5970572  0.73451493 0.10282545 0.62646484 0.96708903\n",
      "  0.33281644 0.38951828 0.6478301  0.76970844 0.38448623 0.37859561\n",
      "  0.22541949 0.        ]]\n",
      "Version identifier: 22.1.0.0 | 2022-03-25 | 54982fbec\n",
      "CPXPARAM_Read_DataCheck                          1\n",
      "Tried aggregator 1 time.\n",
      "MIP Presolve eliminated 40 rows and 40 columns.\n",
      "MIP Presolve modified 19 coefficients.\n",
      "Reduced MIP has 440 rows, 760 columns, and 2261 nonzeros.\n",
      "Reduced MIP has 399 binaries, 361 generals, 0 SOSs, and 0 indicators.\n",
      "Presolve time = 0.00 sec. (1.43 ticks)\n",
      "Probing changed sense of 19 constraints.\n",
      "Probing time = 0.00 sec. (3.14 ticks)\n",
      "Cover probing fixed 0 vars, tightened 342 bounds.\n",
      "Tried aggregator 1 time.\n",
      "Detecting symmetries...\n",
      "MIP Presolve eliminated 20 rows and 19 columns.\n",
      "MIP Presolve modified 342 coefficients.\n",
      "Reduced MIP has 420 rows, 741 columns, and 2204 nonzeros.\n",
      "Reduced MIP has 380 binaries, 361 generals, 0 SOSs, and 0 indicators.\n",
      "Presolve time = 0.02 sec. (2.44 ticks)\n",
      "Probing time = 0.00 sec. (2.65 ticks)\n",
      "Clique table members: 40.\n",
      "MIP emphasis: balance optimality and feasibility.\n",
      "MIP search method: dynamic search.\n",
      "Parallel mode: deterministic, using up to 8 threads.\n",
      "Root relaxation solution time = 0.00 sec. (4.28 ticks)\n",
      "\n",
      "        Nodes                                         Cuts/\n",
      "   Node  Left     Objective  IInf  Best Integer    Best Bound    ItCnt     Gap\n",
      "\n",
      "*     0+    0                           11.6988        0.0000           100.00%\n",
      "      0     0        3.7626    49       11.6988        3.7626      244   67.84%\n",
      "      0     0        3.9353    76       11.6988      Cuts: 66      337   66.36%\n",
      "*     0+    0                            5.0868        3.9353            22.64%\n",
      "      0     0        4.0861    77        5.0868      Cuts: 36      471   19.67%\n",
      "      0     0        4.2173    80        5.0868      Cuts: 31      605   17.09%\n",
      "      0     0        4.2187    80        5.0868      Cuts: 11      613   17.07%\n",
      "      0     0        4.2217    77        5.0868    MIRcuts: 1      694   17.01%\n",
      "Detecting symmetries...\n",
      "      0     0        4.2242    83        5.0868      Cuts: 17      715   16.96%\n",
      "*     0+    0                            4.6359        4.2242             8.88%\n",
      "      0     0        4.2242    86        4.6359       Cuts: 3      722    8.88%\n",
      "      0     0        4.2243    92        4.6359       Cuts: 8      733    8.88%\n",
      "*     0+    0                            4.2391        4.2243             0.35%\n",
      "Detecting symmetries...\n",
      "\n",
      "Repeating presolve.\n",
      "Tried aggregator 2 times.\n",
      "MIP Presolve eliminated 301 rows and 617 columns.\n",
      "MIP Presolve modified 4 coefficients.\n",
      "Aggregator did 30 substitutions.\n",
      "Reduced MIP has 89 rows, 94 columns, and 337 nonzeros.\n",
      "Reduced MIP has 34 binaries, 60 generals, 0 SOSs, and 0 indicators.\n",
      "Presolve time = 0.01 sec. (0.73 ticks)\n",
      "Probing fixed 1 vars, tightened 6 bounds.\n",
      "Probing time = 0.00 sec. (0.07 ticks)\n",
      "Tried aggregator 1 time.\n",
      "MIP Presolve eliminated 0 rows and 1 columns.\n",
      "MIP Presolve modified 9 coefficients.\n",
      "Reduced MIP has 89 rows, 93 columns, and 333 nonzeros.\n",
      "Reduced MIP has 33 binaries, 60 generals, 0 SOSs, and 0 indicators.\n",
      "Presolve time = 0.00 sec. (0.16 ticks)\n",
      "Probing time = 0.00 sec. (0.06 ticks)\n",
      "Tried aggregator 1 time.\n",
      "Detecting symmetries...\n",
      "Reduced MIP has 89 rows, 93 columns, and 333 nonzeros.\n",
      "Reduced MIP has 33 binaries, 60 generals, 0 SOSs, and 0 indicators.\n",
      "Presolve time = 0.02 sec. (0.21 ticks)\n",
      "Represolve time = 0.03 sec. (2.99 ticks)\n",
      "Probing time = 0.00 sec. (0.06 ticks)\n",
      "Clique table members: 27.\n",
      "MIP emphasis: balance optimality and feasibility.\n",
      "MIP search method: dynamic search.\n",
      "Parallel mode: deterministic, using up to 8 threads.\n",
      "Root relaxation solution time = 0.00 sec. (0.89 ticks)\n",
      "\n",
      "        Nodes                                         Cuts/\n",
      "   Node  Left     Objective  IInf  Best Integer    Best Bound    ItCnt     Gap\n",
      "\n"
     ]
    },
    {
     "name": "stdout",
     "output_type": "stream",
     "text": [
      "*     0+    0                            4.2391        4.2243             0.35%\n",
      "      0     0        4.2243    69        4.2391        4.2243      833    0.35%\n",
      "\n",
      "Cover cuts applied:  7\n",
      "Implied bound cuts applied:  17\n",
      "Flow cuts applied:  19\n",
      "Mixed integer rounding cuts applied:  8\n",
      "Zero-half cuts applied:  4\n",
      "Multi commodity flow cuts applied:  4\n",
      "Lift and project cuts applied:  16\n",
      "Gomory fractional cuts applied:  1\n",
      "\n",
      "Root node processing (before b&c):\n",
      "  Real time             =    0.69 sec. (267.90 ticks)\n",
      "Parallel b&c, 8 threads:\n",
      "  Real time             =    0.00 sec. (0.00 ticks)\n",
      "  Sync time (average)   =    0.00 sec.\n",
      "  Wait time (average)   =    0.00 sec.\n",
      "                          ------------\n",
      "Total (root+branch&cut) =    0.69 sec. (267.90 ticks)\n",
      "z* = 4.23906034201257\n"
     ]
    }
   ],
   "source": [
    "import numpy as np\n",
    "import scipy.spatial.distance as sc\n",
    "\n",
    "def generate_distances(n: int):\n",
    "    coords = np.random.rand(n, 2) #2 est le nombre de dimensions du pb\n",
    "    return sc.cdist(coords, coords, metric='euclidean') #librairie qui permet d'avoir une matrice symétrique\n",
    "\n",
    "\n",
    "from docplex.mp.model import Model\n",
    "\n",
    "distances = generate_distances(20)\n",
    "#distances = generate_distances(50)\n",
    "print(distances)\n",
    "\n",
    "N = len(distances)\n",
    "\n",
    "tsp = Model(\"TSP\")\n",
    "tsp.log_output = True\n",
    "\n",
    "# TODO: Copy your model from the first question here.\n",
    "#Variables\n",
    "x = [tsp.binary_var_list(N,name=f'x{i}_') for i in range(N)]\n",
    "y = [tsp.integer_var_list(N,name=f'y{i}_') for i in range(N)]\n",
    "\n",
    "#Objective\n",
    "#tsp.minimize(sum(tsp.dot(distances[i][j], x[i][j]) for i in range(N) for j in range(N)))\n",
    "mySum = 0\n",
    "for i in range(N):\n",
    "    for j in range(N):\n",
    "        mySum += distances[i][j]*x[i][j]\n",
    "tsp.minimize(mySum)\n",
    "\n",
    "#Constraints\n",
    "#Constraints on variable x & t\n",
    "for i in range(N) :\n",
    "    tsp.add_constraint(sum(x[i][j] for j in range(N) if i!=j) == 1)\n",
    "    \n",
    "for j in range(N) :\n",
    "    tsp.add_constraint(sum(x[i][j] for i in range(N) if i!=j) == 1)\n",
    "    \n",
    "for i in range(N):\n",
    "    tsp.add_constraint(x[i][i] == 0)\n",
    "\n",
    "#Constraints on variable y    \n",
    "tsp.add_constraint(sum(y[0][j] for j in range(N)) == 1)\n",
    "\n",
    "for i in range(1,N):\n",
    "    tsp.add_constraint(sum(y[i][j] for j in range(N)) == sum(y[j][i] for j in range(N))+ 1)\n",
    "\n",
    "for i in range(N):\n",
    "    tsp.add_constraints([y[i][j] <= (N * x[i][j]) for j in range(N)])\n",
    "\n",
    "solution = tsp.solve()\n",
    "print(\"z* =\", solution.objective_value)"
   ]
  },
  {
   "cell_type": "markdown",
   "metadata": {},
   "source": [
    "## 3. Solving Warehouse Allocation using Benders decomposition with `docplex`\n",
    "\n",
    "### 3.1. The warehouse problem\n",
    "\n",
    "A company needs to supply a set of $n$ clients and needs to open new warehouses (from a\n",
    "set of $m$ possible warehouses).\n",
    "Opening a warehouse $j$ costs $f_j$ and supplying a client $i$ from a warehouse $j$ costs $c_{ij}$ per supply unit.\n",
    "Which warehouses should be opened in order to satisfy all clients while minimizing the total cost?\n",
    "\n",
    "### 3.2. Solving the warehouse problem with a single ILP\n",
    "\n",
    "- $y_{j} = 1$ if and only if warehouse $j$ is opened.\n",
    "- $x_{ij}$ is the fraction supplied from warehouse $j$ to customer $i$.\n",
    "\n",
    "$\n",
    "\\begin{align}\n",
    "  \\text{min.} \\quad & \\sum_{i=1}^{n} \\sum_{j=1}^{m} c_{ij} x_{ij} + \\sum_{j=1}^{m} f_{j} y_{j} & \\\\\n",
    "  \\text{s.t.} \\quad & \\sum_{j=1}^{m} x_{ij} = 1, & \\forall i \\in\\{1,\\ldots,n\\}\\\\\n",
    "                    & x_{ij} \\leq y_{j}, & \\forall i\\in\\{1,\\ldots,n\\},\\forall j\\in\\{1,\\ldots,m\\}\\\\\n",
    "                    & y_{j} \\in \\left\\{0,~1\\right\\}, & \\forall j \\in \\left\\{1,~\\ldots,~m\\right\\}\\\\\n",
    "                    & x_{ij} \\geq 0, & \\forall i \\in \\left\\{1,~\\ldots,~n\\right\\}, \\forall j \\in \\left\\{1,~\\ldots,~m\\right\\}\n",
    "\\end{align}\n",
    "$\n",
    "\n",
    "\n",
    "**Exercice:** Implement the ILP model for the warehouse allocation problem and test it on the given instance."
   ]
  },
  {
   "cell_type": "code",
   "execution_count": 46,
   "metadata": {},
   "outputs": [
    {
     "name": "stdout",
     "output_type": "stream",
     "text": [
      "i= 0 j= 0\n",
      "c[i][j] c0__0\n",
      "x[i][j] x0__0\n",
      "i= 0 j= 1\n",
      "c[i][j] c0__1\n",
      "x[i][j] x0__1\n",
      "i= 0 j= 2\n",
      "c[i][j] c0__2\n",
      "x[i][j] x0__2\n",
      "i= 1 j= 0\n",
      "c[i][j] c1__0\n",
      "x[i][j] x1__0\n",
      "i= 1 j= 1\n",
      "c[i][j] c1__1\n",
      "x[i][j] x1__1\n",
      "i= 1 j= 2\n",
      "c[i][j] c1__2\n",
      "x[i][j] x1__2\n",
      "i= 2 j= 0\n",
      "c[i][j] c2__0\n",
      "x[i][j] x2__0\n",
      "i= 2 j= 1\n",
      "c[i][j] c2__1\n",
      "x[i][j] x2__1\n",
      "i= 2 j= 2\n",
      "c[i][j] c2__2\n",
      "x[i][j] x2__2\n"
     ]
    },
    {
     "ename": "DOcplexException",
     "evalue": "Unsupported operation: 0 + <generator object <genexpr> at 0x000002813541EC48>",
     "output_type": "error",
     "traceback": [
      "\u001b[1;31m---------------------------------------------------------------------------\u001b[0m",
      "\u001b[1;31mAttributeError\u001b[0m                            Traceback (most recent call last)",
      "\u001b[1;32m~\\Anaconda3\\lib\\site-packages\\docplex\\mp\\linear.py\u001b[0m in \u001b[0;36madd\u001b[1;34m(self, e)\u001b[0m\n\u001b[0;32m    811\u001b[0m             \u001b[1;32mtry\u001b[0m\u001b[1;33m:\u001b[0m\u001b[1;33m\u001b[0m\u001b[1;33m\u001b[0m\u001b[0m\n\u001b[1;32m--> 812\u001b[1;33m                 \u001b[0mself\u001b[0m\u001b[1;33m.\u001b[0m\u001b[0madd\u001b[0m\u001b[1;33m(\u001b[0m\u001b[0me\u001b[0m\u001b[1;33m.\u001b[0m\u001b[0mto_linear_expr\u001b[0m\u001b[1;33m(\u001b[0m\u001b[1;33m)\u001b[0m\u001b[1;33m)\u001b[0m\u001b[1;33m\u001b[0m\u001b[1;33m\u001b[0m\u001b[0m\n\u001b[0m\u001b[0;32m    813\u001b[0m             \u001b[1;32mexcept\u001b[0m \u001b[0mAttributeError\u001b[0m\u001b[1;33m:\u001b[0m\u001b[1;33m\u001b[0m\u001b[1;33m\u001b[0m\u001b[0m\n",
      "\u001b[1;31mAttributeError\u001b[0m: 'generator' object has no attribute 'to_linear_expr'",
      "\nDuring handling of the above exception, another exception occurred:\n",
      "\u001b[1;31mDOcplexException\u001b[0m                          Traceback (most recent call last)",
      "\u001b[1;32m<ipython-input-46-163bacc9f58c>\u001b[0m in \u001b[0;36m<module>\u001b[1;34m\u001b[0m\n\u001b[0;32m     29\u001b[0m         \u001b[0mmySum1\u001b[0m \u001b[1;33m+=\u001b[0m \u001b[0mc\u001b[0m\u001b[1;33m[\u001b[0m\u001b[0mi\u001b[0m\u001b[1;33m]\u001b[0m\u001b[1;33m[\u001b[0m\u001b[0mj\u001b[0m\u001b[1;33m]\u001b[0m\u001b[1;33m*\u001b[0m\u001b[0mx\u001b[0m\u001b[1;33m[\u001b[0m\u001b[0mi\u001b[0m\u001b[1;33m]\u001b[0m\u001b[1;33m[\u001b[0m\u001b[0mj\u001b[0m\u001b[1;33m]\u001b[0m\u001b[1;33m\u001b[0m\u001b[1;33m\u001b[0m\u001b[0m\n\u001b[0;32m     30\u001b[0m \u001b[0mmySum2\u001b[0m \u001b[1;33m=\u001b[0m \u001b[1;33m(\u001b[0m\u001b[0mf\u001b[0m\u001b[1;33m[\u001b[0m\u001b[0mj\u001b[0m\u001b[1;33m]\u001b[0m\u001b[1;33m*\u001b[0m\u001b[0my\u001b[0m\u001b[1;33m[\u001b[0m\u001b[0mj\u001b[0m\u001b[1;33m]\u001b[0m \u001b[1;32mfor\u001b[0m \u001b[0mj\u001b[0m \u001b[1;32min\u001b[0m \u001b[0mrange\u001b[0m\u001b[1;33m(\u001b[0m\u001b[0mM\u001b[0m\u001b[1;33m)\u001b[0m\u001b[1;33m)\u001b[0m\u001b[1;33m\u001b[0m\u001b[1;33m\u001b[0m\u001b[0m\n\u001b[1;32m---> 31\u001b[1;33m \u001b[0mwa\u001b[0m\u001b[1;33m.\u001b[0m\u001b[0mminimize\u001b[0m\u001b[1;33m(\u001b[0m\u001b[0mmySum1\u001b[0m \u001b[1;33m+\u001b[0m \u001b[0mmySum2\u001b[0m\u001b[1;33m)\u001b[0m\u001b[1;33m\u001b[0m\u001b[1;33m\u001b[0m\u001b[0m\n\u001b[0m\u001b[0;32m     32\u001b[0m \u001b[1;33m\u001b[0m\u001b[0m\n\u001b[0;32m     33\u001b[0m \u001b[1;31m#Constraints\u001b[0m\u001b[1;33m\u001b[0m\u001b[1;33m\u001b[0m\u001b[1;33m\u001b[0m\u001b[0m\n",
      "\u001b[1;32m~\\Anaconda3\\lib\\site-packages\\docplex\\mp\\quad.py\u001b[0m in \u001b[0;36m__add__\u001b[1;34m(self, other)\u001b[0m\n\u001b[0;32m    580\u001b[0m \u001b[1;33m\u001b[0m\u001b[0m\n\u001b[0;32m    581\u001b[0m     \u001b[1;32mdef\u001b[0m \u001b[0m__add__\u001b[0m\u001b[1;33m(\u001b[0m\u001b[0mself\u001b[0m\u001b[1;33m,\u001b[0m \u001b[0mother\u001b[0m\u001b[1;33m)\u001b[0m\u001b[1;33m:\u001b[0m\u001b[1;33m\u001b[0m\u001b[1;33m\u001b[0m\u001b[0m\n\u001b[1;32m--> 582\u001b[1;33m         \u001b[1;32mreturn\u001b[0m \u001b[0mself\u001b[0m\u001b[1;33m.\u001b[0m\u001b[0mplus\u001b[0m\u001b[1;33m(\u001b[0m\u001b[0mother\u001b[0m\u001b[1;33m)\u001b[0m\u001b[1;33m\u001b[0m\u001b[1;33m\u001b[0m\u001b[0m\n\u001b[0m\u001b[0;32m    583\u001b[0m \u001b[1;33m\u001b[0m\u001b[0m\n\u001b[0;32m    584\u001b[0m     \u001b[1;32mdef\u001b[0m \u001b[0m__iadd__\u001b[0m\u001b[1;33m(\u001b[0m\u001b[0mself\u001b[0m\u001b[1;33m,\u001b[0m \u001b[0mother\u001b[0m\u001b[1;33m)\u001b[0m\u001b[1;33m:\u001b[0m\u001b[1;33m\u001b[0m\u001b[1;33m\u001b[0m\u001b[0m\n",
      "\u001b[1;32m~\\Anaconda3\\lib\\site-packages\\docplex\\mp\\quad.py\u001b[0m in \u001b[0;36mplus\u001b[1;34m(self, other)\u001b[0m\n\u001b[0;32m    544\u001b[0m     \u001b[1;32mdef\u001b[0m \u001b[0mplus\u001b[0m\u001b[1;33m(\u001b[0m\u001b[0mself\u001b[0m\u001b[1;33m,\u001b[0m \u001b[0mother\u001b[0m\u001b[1;33m)\u001b[0m\u001b[1;33m:\u001b[0m\u001b[1;33m\u001b[0m\u001b[1;33m\u001b[0m\u001b[0m\n\u001b[0;32m    545\u001b[0m         \u001b[0mcloned\u001b[0m \u001b[1;33m=\u001b[0m \u001b[0mself\u001b[0m\u001b[1;33m.\u001b[0m\u001b[0mclone_if_necessary\u001b[0m\u001b[1;33m(\u001b[0m\u001b[1;33m)\u001b[0m\u001b[1;33m\u001b[0m\u001b[1;33m\u001b[0m\u001b[0m\n\u001b[1;32m--> 546\u001b[1;33m         \u001b[0mcloned\u001b[0m\u001b[1;33m.\u001b[0m\u001b[0madd\u001b[0m\u001b[1;33m(\u001b[0m\u001b[0mother\u001b[0m\u001b[1;33m)\u001b[0m\u001b[1;33m\u001b[0m\u001b[1;33m\u001b[0m\u001b[0m\n\u001b[0m\u001b[0;32m    547\u001b[0m         \u001b[1;32mreturn\u001b[0m \u001b[0mcloned\u001b[0m\u001b[1;33m\u001b[0m\u001b[1;33m\u001b[0m\u001b[0m\n\u001b[0;32m    548\u001b[0m \u001b[1;33m\u001b[0m\u001b[0m\n",
      "\u001b[1;32m~\\Anaconda3\\lib\\site-packages\\docplex\\mp\\quad.py\u001b[0m in \u001b[0;36madd\u001b[1;34m(self, other)\u001b[0m\n\u001b[0;32m    634\u001b[0m             \u001b[0mevent\u001b[0m \u001b[1;33m=\u001b[0m \u001b[0mself\u001b[0m\u001b[1;33m.\u001b[0m\u001b[0m_add_quad\u001b[0m\u001b[1;33m(\u001b[0m\u001b[0mother\u001b[0m\u001b[1;33m)\u001b[0m\u001b[1;33m\u001b[0m\u001b[1;33m\u001b[0m\u001b[0m\n\u001b[0;32m    635\u001b[0m         \u001b[1;32melse\u001b[0m\u001b[1;33m:\u001b[0m\u001b[1;33m\u001b[0m\u001b[1;33m\u001b[0m\u001b[0m\n\u001b[1;32m--> 636\u001b[1;33m             \u001b[0mself\u001b[0m\u001b[1;33m.\u001b[0m\u001b[0m_linexpr\u001b[0m\u001b[1;33m.\u001b[0m\u001b[0madd\u001b[0m\u001b[1;33m(\u001b[0m\u001b[0mother\u001b[0m\u001b[1;33m)\u001b[0m\u001b[1;33m\u001b[0m\u001b[1;33m\u001b[0m\u001b[0m\n\u001b[0m\u001b[0;32m    637\u001b[0m             \u001b[0mevent\u001b[0m \u001b[1;33m=\u001b[0m \u001b[0mUpdateEvent\u001b[0m\u001b[1;33m.\u001b[0m\u001b[0mLinExprGlobal\u001b[0m\u001b[1;33m\u001b[0m\u001b[1;33m\u001b[0m\u001b[0m\n\u001b[0;32m    638\u001b[0m         \u001b[0mself\u001b[0m\u001b[1;33m.\u001b[0m\u001b[0mnotify_modified\u001b[0m\u001b[1;33m(\u001b[0m\u001b[0mevent\u001b[0m\u001b[1;33m=\u001b[0m\u001b[0mevent\u001b[0m\u001b[1;33m)\u001b[0m\u001b[1;33m\u001b[0m\u001b[1;33m\u001b[0m\u001b[0m\n",
      "\u001b[1;32m~\\Anaconda3\\lib\\site-packages\\docplex\\mp\\linear.py\u001b[0m in \u001b[0;36madd\u001b[1;34m(self, e)\u001b[0m\n\u001b[0;32m    812\u001b[0m                 \u001b[0mself\u001b[0m\u001b[1;33m.\u001b[0m\u001b[0madd\u001b[0m\u001b[1;33m(\u001b[0m\u001b[0me\u001b[0m\u001b[1;33m.\u001b[0m\u001b[0mto_linear_expr\u001b[0m\u001b[1;33m(\u001b[0m\u001b[1;33m)\u001b[0m\u001b[1;33m)\u001b[0m\u001b[1;33m\u001b[0m\u001b[1;33m\u001b[0m\u001b[0m\n\u001b[0;32m    813\u001b[0m             \u001b[1;32mexcept\u001b[0m \u001b[0mAttributeError\u001b[0m\u001b[1;33m:\u001b[0m\u001b[1;33m\u001b[0m\u001b[1;33m\u001b[0m\u001b[0m\n\u001b[1;32m--> 814\u001b[1;33m                 \u001b[0mself\u001b[0m\u001b[1;33m.\u001b[0m\u001b[0m_unsupported_binary_operation\u001b[0m\u001b[1;33m(\u001b[0m\u001b[0mself\u001b[0m\u001b[1;33m,\u001b[0m \u001b[1;34m\"+\"\u001b[0m\u001b[1;33m,\u001b[0m \u001b[0me\u001b[0m\u001b[1;33m)\u001b[0m\u001b[1;33m\u001b[0m\u001b[1;33m\u001b[0m\u001b[0m\n\u001b[0m\u001b[0;32m    815\u001b[0m \u001b[1;33m\u001b[0m\u001b[0m\n\u001b[0;32m    816\u001b[0m         \u001b[0mself\u001b[0m\u001b[1;33m.\u001b[0m\u001b[0mnotify_modified\u001b[0m\u001b[1;33m(\u001b[0m\u001b[0mevent\u001b[0m\u001b[1;33m=\u001b[0m\u001b[0mevent\u001b[0m\u001b[1;33m)\u001b[0m\u001b[1;33m\u001b[0m\u001b[1;33m\u001b[0m\u001b[0m\n",
      "\u001b[1;32m~\\Anaconda3\\lib\\site-packages\\docplex\\mp\\basic.py\u001b[0m in \u001b[0;36m_unsupported_binary_operation\u001b[1;34m(self, lhs, op, rhs)\u001b[0m\n\u001b[0;32m    227\u001b[0m \u001b[1;33m\u001b[0m\u001b[0m\n\u001b[0;32m    228\u001b[0m     \u001b[1;32mdef\u001b[0m \u001b[0m_unsupported_binary_operation\u001b[0m\u001b[1;33m(\u001b[0m\u001b[0mself\u001b[0m\u001b[1;33m,\u001b[0m \u001b[0mlhs\u001b[0m\u001b[1;33m,\u001b[0m \u001b[0mop\u001b[0m\u001b[1;33m,\u001b[0m \u001b[0mrhs\u001b[0m\u001b[1;33m)\u001b[0m\u001b[1;33m:\u001b[0m\u001b[1;33m\u001b[0m\u001b[1;33m\u001b[0m\u001b[0m\n\u001b[1;32m--> 229\u001b[1;33m         \u001b[0mself\u001b[0m\u001b[1;33m.\u001b[0m\u001b[0mfatal\u001b[0m\u001b[1;33m(\u001b[0m\u001b[1;34m\"Unsupported operation: {0!s} {1:s} {2!s}\"\u001b[0m\u001b[1;33m,\u001b[0m \u001b[0mlhs\u001b[0m\u001b[1;33m,\u001b[0m \u001b[0mop\u001b[0m\u001b[1;33m,\u001b[0m \u001b[0mrhs\u001b[0m\u001b[1;33m)\u001b[0m\u001b[1;33m\u001b[0m\u001b[1;33m\u001b[0m\u001b[0m\n\u001b[0m\u001b[0;32m    230\u001b[0m \u001b[1;33m\u001b[0m\u001b[0m\n\u001b[0;32m    231\u001b[0m     \u001b[1;32mdef\u001b[0m \u001b[0m__str__\u001b[0m\u001b[1;33m(\u001b[0m\u001b[0mself\u001b[0m\u001b[1;33m)\u001b[0m\u001b[1;33m:\u001b[0m\u001b[1;33m\u001b[0m\u001b[1;33m\u001b[0m\u001b[0m\n",
      "\u001b[1;32m~\\Anaconda3\\lib\\site-packages\\docplex\\mp\\basic.py\u001b[0m in \u001b[0;36mfatal\u001b[1;34m(self, msg, *args)\u001b[0m\n\u001b[0;32m     49\u001b[0m \u001b[1;33m\u001b[0m\u001b[0m\n\u001b[0;32m     50\u001b[0m     \u001b[1;32mdef\u001b[0m \u001b[0mfatal\u001b[0m\u001b[1;33m(\u001b[0m\u001b[0mself\u001b[0m\u001b[1;33m,\u001b[0m \u001b[0mmsg\u001b[0m\u001b[1;33m,\u001b[0m \u001b[1;33m*\u001b[0m\u001b[0margs\u001b[0m\u001b[1;33m)\u001b[0m\u001b[1;33m:\u001b[0m\u001b[1;33m\u001b[0m\u001b[1;33m\u001b[0m\u001b[0m\n\u001b[1;32m---> 51\u001b[1;33m         \u001b[0mself\u001b[0m\u001b[1;33m.\u001b[0m\u001b[0mlogger\u001b[0m\u001b[1;33m.\u001b[0m\u001b[0mfatal\u001b[0m\u001b[1;33m(\u001b[0m\u001b[0mmsg\u001b[0m\u001b[1;33m,\u001b[0m \u001b[0margs\u001b[0m\u001b[1;33m)\u001b[0m\u001b[1;33m\u001b[0m\u001b[1;33m\u001b[0m\u001b[0m\n\u001b[0m\u001b[0;32m     52\u001b[0m \u001b[1;33m\u001b[0m\u001b[0m\n\u001b[0;32m     53\u001b[0m     \u001b[1;32mdef\u001b[0m \u001b[0merror\u001b[0m\u001b[1;33m(\u001b[0m\u001b[0mself\u001b[0m\u001b[1;33m,\u001b[0m \u001b[0mmsg\u001b[0m\u001b[1;33m,\u001b[0m \u001b[1;33m*\u001b[0m\u001b[0margs\u001b[0m\u001b[1;33m)\u001b[0m\u001b[1;33m:\u001b[0m\u001b[1;33m\u001b[0m\u001b[1;33m\u001b[0m\u001b[0m\n",
      "\u001b[1;32m~\\Anaconda3\\lib\\site-packages\\docplex\\mp\\error_handler.py\u001b[0m in \u001b[0;36mfatal\u001b[1;34m(self, msg, args)\u001b[0m\n\u001b[0;32m    208\u001b[0m         \u001b[0mresolved_message\u001b[0m \u001b[1;33m=\u001b[0m \u001b[0mresolve_pattern\u001b[0m\u001b[1;33m(\u001b[0m\u001b[0mmsg\u001b[0m\u001b[1;33m,\u001b[0m \u001b[0margs\u001b[0m\u001b[1;33m)\u001b[0m\u001b[1;33m\u001b[0m\u001b[1;33m\u001b[0m\u001b[0m\n\u001b[0;32m    209\u001b[0m         \u001b[0mdocplex_error_stop_here\u001b[0m\u001b[1;33m(\u001b[0m\u001b[1;33m)\u001b[0m\u001b[1;33m\u001b[0m\u001b[1;33m\u001b[0m\u001b[0m\n\u001b[1;32m--> 210\u001b[1;33m         \u001b[1;32mraise\u001b[0m \u001b[0mDOcplexException\u001b[0m\u001b[1;33m(\u001b[0m\u001b[0mresolved_message\u001b[0m\u001b[1;33m)\u001b[0m\u001b[1;33m\u001b[0m\u001b[1;33m\u001b[0m\u001b[0m\n\u001b[0m\u001b[0;32m    211\u001b[0m \u001b[1;33m\u001b[0m\u001b[0m\n\u001b[0;32m    212\u001b[0m     \u001b[1;32mdef\u001b[0m \u001b[0mfatal_limits_exceeded\u001b[0m\u001b[1;33m(\u001b[0m\u001b[0mself\u001b[0m\u001b[1;33m,\u001b[0m \u001b[0mnb_vars\u001b[0m\u001b[1;33m,\u001b[0m \u001b[0mnb_constraints\u001b[0m\u001b[1;33m)\u001b[0m\u001b[1;33m:\u001b[0m\u001b[1;33m\u001b[0m\u001b[1;33m\u001b[0m\u001b[0m\n",
      "\u001b[1;31mDOcplexException\u001b[0m: Unsupported operation: 0 + <generator object <genexpr> at 0x000002813541EC48>"
     ]
    }
   ],
   "source": [
    "from docplex.mp.model import Model\n",
    "\n",
    "# We will start with a small instances with 3 warehouses and 3 clients:\n",
    "N = 3\n",
    "M = 3\n",
    "\n",
    "# Opening and distribution costs:\n",
    "f = [20, 20, 20]\n",
    "c = [[15, 1, 2], [1, 16, 3], [4, 1, 17]]\n",
    "\n",
    "wa = Model(\"Warehouse Allocation\")\n",
    "wa.log_output = True\n",
    "\n",
    "# TODO: Model for the warehouse allocation.\n",
    "\n",
    "#Variables\n",
    "x = [wa.integer_var_list(N,name=f'x{i}_') for i in range(N)]\n",
    "y = [wa.binary_var_list(N,name=f'y{j}_') for j in range(M)]\n",
    "c = [wa.integer_var_list(N,name=f'c{i}_') for i in range(N)]\n",
    "f = [wa.integer_var_list(N,name=f'f{j}_') for j in range(M)]\n",
    "\n",
    "#Objective\n",
    "mySum1 = 0\n",
    "for i in range(N):\n",
    "    for j in range(M):\n",
    "        print(\"i=\", i, \"j=\", j)\n",
    "        print(\"c[i][j]\", c[i][j])\n",
    "        print(\"x[i][j]\",x[i][j])\n",
    "        mySum1 += c[i][j]*x[i][j]\n",
    "mySum2 = (f[j]*y[j] for j in range(M))\n",
    "wa.minimize(mySum1 + mySum2)\n",
    "\n",
    "#Constraints\n",
    "for i in range(N):\n",
    "    wa.add_constraint(sum(x[i][j] for j in range(M)) == 1)\n",
    "\n",
    "for i in range(N):\n",
    "    for j in range(M):\n",
    "        wa.add_constraint(x[i][j] <= y[j])\n",
    "    \n",
    "for j in range(M):\n",
    "    wa.add_constraint(y[j] >= 0)\n",
    "    wa.add_constraint(y[i] <= 1)\n",
    "    \n",
    "for i in range (N):\n",
    "    for j in range(M):\n",
    "        wa.add_constraint(x[i][j] >= 0)\n",
    "\n",
    "solution = wa.solve()\n",
    "print(\"z* =\", solution.objective_value)"
   ]
  },
  {
   "cell_type": "markdown",
   "metadata": {},
   "source": [
    "### 3.3. Benders' decomposition for the Warehouse Allocation problem\n",
    "\n",
    "We are going to use Benders' decomposition to solve the Warehouse Allocation problem. \n",
    "\n",
    "#### Dual subproblem\n",
    "\n",
    "$\n",
    "\\begin{align*}\n",
    "\\text{max.} \\quad & \\sum_{i=1}^{n} v_{i} - \\sum_{i=1}^{n}\\sum_{j=1}^{m} \\bar{y}_{j} u_{ij} & \\\\\n",
    "\\text{s.t.} \\quad & v_{i} - u_{ij} \\leq c_{ij}, & \\forall i\\in\\{1,\\ldots,n\\},\\forall j\\in\\{1,\\ldots,m\\}\\\\\n",
    "                  & v_{i} \\in\\mathbb{R},\\ u_{ij} \\geq 0 & \\forall i \\in\\{1,\\ldots,n\\}, \\forall j\\in\\{1,\\ldots,m\\}\n",
    "\\end{align*}\n",
    "$\n",
    "\n",
    "#### Master problem\n",
    "\n",
    "$\n",
    "\\begin{align*}\n",
    "  \\text{min.} \\quad & \\sum_{j=1}^{m} f_j y_j + z & \\\\\n",
    "  \\text{s.t.} \\quad & z \\geq \\sum_{i=1}^{n}v_i^p - \\sum_{i=1}^{n} \\sum_{j=1}^{m} u_{ij}^p y_j, & \\forall p\\in l_1\\\\\n",
    "                    & 0 \\geq \\sum_{i=1}^{n}v_i^r - \\sum_{i=1}^{n} \\sum_{j=1}^{n} u_{ij}^r y_j, & \\forall r\\in l_2\\\\\n",
    "                    & y_{j} \\in\\{0,1\\}, & \\forall j\\in\\{1,\\ldots,m\\}\n",
    "\\end{align*}\n",
    "$"
   ]
  },
  {
   "cell_type": "markdown",
   "metadata": {},
   "source": [
    "**Exercice:** Implement the method `create_master_problem` that creates the initial master problem (without feasibility or optimality constraints) for the warehouse allocation problem.\n",
    "\n",
    "<div class=\"alert alert-info alert-block\">\n",
    "\n",
    "You can use `print(m.export_as_lp_string())` to display a textual representation of a `docplex` model `m`.\n",
    "    \n",
    "</div>"
   ]
  },
  {
   "cell_type": "code",
   "execution_count": null,
   "metadata": {},
   "outputs": [],
   "source": [
    "from docplex.mp.model import Model\n",
    "from docplex.mp.linear import Var\n",
    "from docplex.mp.constr import AbstractConstraint\n",
    "from typing import List, Sequence, Tuple\n",
    "\n",
    "\n",
    "def create_master_problem(\n",
    "    N: int, M: int, f: Sequence[float], c: Sequence[Sequence[float]]\n",
    ") -> Tuple[Model, Var, Sequence[Var]]:\n",
    "    \"\"\"\n",
    "    Creates the initial Benders master problem for the Warehouse Allocation problem.\n",
    "\n",
    "    Args:\n",
    "        N: Number of clients.\n",
    "        M: Number of warehouses.\n",
    "        f: Array-like containing costs of opening warehouses.\n",
    "        c: 2D-array like containing transport costs from client to warehouses.\n",
    "\n",
    "    Returns:\n",
    "        A 3-tuple containing the docplex problem, the z variable and the y variables.\n",
    "    \"\"\"\n",
    "\n",
    "    wa = Model(\"Warehouse Allocation - Benders master problem\")\n",
    "\n",
    "    ...  # TODO\n",
    "\n",
    "    return wa, z, y\n",
    "\n",
    "\n",
    "# Check your method:\n",
    "wa, z, y = create_master_problem(N, M, f, c)\n",
    "print(wa.export_as_lp_string())"
   ]
  },
  {
   "cell_type": "markdown",
   "metadata": {},
   "source": [
    "**Exercice:** Implement the method `add_optimality_constraints` that add optimality constraints to the Benders master problem. "
   ]
  },
  {
   "cell_type": "code",
   "execution_count": null,
   "metadata": {},
   "outputs": [],
   "source": [
    "def add_optimality_constraint(\n",
    "    N: int,\n",
    "    M: int,\n",
    "    wa: Model,\n",
    "    z: Var,\n",
    "    y: Sequence[Var],\n",
    "    v: Sequence[float],\n",
    "    u: Sequence[Sequence[float]],\n",
    ") -> List[AbstractConstraint]:\n",
    "    \"\"\"\n",
    "    Adds an optimality constraints to the given Warehouse Allocation model\n",
    "    using the given optimal values from the Benders dual subproblem.\n",
    "\n",
    "    Args:\n",
    "        N: Number of clients.\n",
    "        M: Number of warehouses.\n",
    "        wa: The Benders master problem (docplex.mp.model.Model).\n",
    "        z: The z variable of the master problem.\n",
    "        y: The y variables of the master problem.\n",
    "        v: The optimal values for the v variables of the Benders dual subproblem.\n",
    "        u: The optimal values for the u variables of the Benders dual subproblem.\n",
    "\n",
    "    Return: The optimality constraint added.\n",
    "    \"\"\"\n",
    "    return ...  # TODO"
   ]
  },
  {
   "cell_type": "markdown",
   "metadata": {},
   "source": [
    "**Exercice:** Implement the method `add_feasibility_constraints` that add feasibility constraints to the Benders master problem. "
   ]
  },
  {
   "cell_type": "code",
   "execution_count": null,
   "metadata": {},
   "outputs": [],
   "source": [
    "def add_feasibility_constraints(\n",
    "    N: int,\n",
    "    M: int,\n",
    "    wa: Model,\n",
    "    z: Var,\n",
    "    y: Sequence[Var],\n",
    "    v: Sequence[float],\n",
    "    u: Sequence[Sequence[float]],\n",
    ") -> List[AbstractConstraint]:\n",
    "    \"\"\"\n",
    "    Adds an optimality constraints to the given Warehouse Allocation model\n",
    "    using the given optimal values from the Benders dual subproblem.\n",
    "\n",
    "    Args:\n",
    "      - N: Number of clients.\n",
    "      - M: Number of warehouses.\n",
    "      - wa: The Benders master problem (docplex.mp.model.Model).\n",
    "      - z: The z variable of the master problem.\n",
    "      - y: The y variables of the master problem.\n",
    "      - v: The extreme rays for the v variables of the Benders dual subproblem.\n",
    "      - u: The extreme rays for the u variables of the Benders dual subproblem.\n",
    "\n",
    "    Returns:\n",
    "        The feasibility constraint added.\n",
    "    \"\"\"\n",
    "    # TODO:\n",
    "    return"
   ]
  },
  {
   "cell_type": "markdown",
   "metadata": {},
   "source": [
    "**Exercice:** Implement the method `create_dual_subproblem` that, given a solution `y` of the master problem, create the corresponding Benders dual subproblem.\n",
    "\n",
    "$\n",
    "\\begin{align*}\n",
